1,1,1,120,0.90476,1.9369e+05,10.983,17635,13.133,4951.2
1,2,2,63,0.90476,1.0441e+05,31.287,3337.2,7.8889,1561.4
1,3,1,39,0.61538,1.5069e+05,52.279,2882.4,9.3846,1149.8
1,4,2,63,0.61538,1.1029e+05,8.5471,12903,15.921,3151
1,5,1,66,0.047619,1.0567e+05,25.419,4157.1,8.5606,1775
1,6,2,63,0.047619,1.8885e+05,22.859,8261.6,12.46,2466.2
1,7,1,144,1.2857,1.1123e+05,12.675,8775.3,8.4514,3823.3
1,8,2,63,1.2857,1.8086e+05,20.094,9000.7,12.952,2563.5
1,9,1,126,1,1.8692e+05,25.206,7415.7,8.2857,3279.8
1,10,2,63,1,99114,7.6575,12943,15.937,3154.2
1,11,1,54,0.16667,1.7184e+05,20.981,8190.1,13.37,2268.2
1,12,2,63,0.16667,1.0053e+05,24.333,4131.2,8.7302,1727.9
1,13,1,54,0.16667,1.8365e+05,53.62,3425.1,8.5741,1454.6
1,14,2,63,0.16667,1.0115e+05,7.3899,13687,16.397,3245.3
1,15,1,90,0.42857,1.0889e+05,18.427,5909.3,8.7333,2469.3
1,16,2,63,0.42857,1.7361e+05,20.023,8670.8,12.603,2494.4
1,17,1,90,0.42857,1.9635e+05,10.167,19313,16.267,4599.3
1,18,2,63,0.42857,1.0055e+05,25.152,3997.7,8.6667,1715.3
1,19,1,78,0.2381,1.0851e+05,6.5845,16480,16.167,3961.5
1,20,2,63,0.2381,1.8473e+05,50.226,3678,8.2381,1630.5
1,21,1,54,0.16667,1.8512e+05,24.277,7625.4,12.944,2196
1,22,2,63,0.16667,1.0222e+05,24.768,4127.3,8.7778,1737.3
1,23,1,78,0.2381,1.1236e+05,6.6762,16830,16.359,4008.7
1,24,2,63,0.2381,1.6635e+05,42.875,3879.9,8.4762,1677.6
1,25,1,54,0.16667,99658,33.462,2978.2,8.037,1363.5
1,26,2,63,0.16667,1.9319e+05,13.417,14399,16.841,3333.2
1,27,1,33,0.90909,84226,11.482,7335.6,16.606,1721.6
1,28,2,63,0.90909,1.722e+05,45.346,3797.4,8.4603,1674.5
1,29,1,72,0.14286,1.747e+05,17.848,9788.4,12.569,2843.1
1,30,2,63,0.14286,1.0383e+05,25.891,4010.2,8.5714,1696.5
1,31,1,42,0.5,91440,30.084,3039.5,9.1905,1212.7
1,32,2,63,0.5,1.8119e+05,22.257,8140.7,12.302,2434.7
1,33,1,57,0.10526,1.0516e+05,11.053,9514.3,14.14,2532.1
1,34,2,63,0.10526,1.7448e+05,42.689,4087.2,8.7619,1734.2
1,35,1,66,0.047619,1.0219e+05,11.294,9047.8,12.636,2620.1
1,36,2,63,0.047619,1.7815e+05,42.589,4183,8.7937,1740.4
1,37,1,42,0.5,1.6474e+05,67.748,2431.6,8.1905,1080.7
1,38,2,63,0.5,1.0636e+05,11.419,9314,13.159,2604.4
1,39,1,78,0.2381,1.1019e+05,20.289,5431,8.9872,2202.3
1,40,2,63,0.2381,1.7717e+05,12.206,14516,16.921,3348.9
1,41,1,30,1.1,82887,42.848,1934.4,8.7,819.96
1,42,2,63,1.1,1.8892e+05,14.194,13310,16.111,3188.7
1,43,1,30,1.1,95762,48.577,1971.3,8.8,829.38
1,44,2,63,1.1,1.8485e+05,13.173,14033,16.619,3289.2
1,45,1,78,0.2381,1.8141e+05,15.512,11695,13.256,3248.4
1,46,2,63,0.2381,1.0085e+05,26.399,3820.2,8.4127,1665
1,47,1,78,0.2381,1.0453e+05,22.027,4745.4,8.4359,2067.2
1,48,2,63,0.2381,1.7889e+05,18.616,9609.3,13.413,2654.6
1,49,1,105,0.66667,1.0741e+05,16.336,6575.4,8.5333,2814.9
1,50,2,63,0.66667,1.7557e+05,12.587,13949,16.571,3279.8
1,51,1,48,0.3125,1.6836e+05,54.24,3103.9,8.7083,1313.2
1,52,2,63,0.3125,1.1145e+05,11.033,10102,13.746,2720.6
1,53,1,57,0.10526,1.0637e+05,30.635,3472.2,8.5088,1523.7
1,54,2,63,0.10526,1.9026e+05,20.919,9094.9,12.984,2569.8
1,55,1,45,0.4,1.6646e+05,60.764,2739.5,8.4889,1200.1
1,56,2,63,0.4,1.1317e+05,8.1198,13938,16.603,3286.1
1,57,1,60,0.05,97600,27.888,3499.7,8.2667,1558.2
1,58,2,63,0.05,1.7622e+05,19.6,8991.2,12.889,2551
1,59,1,60,0.05,94409,26.086,3619.1,8.4,1583.4
1,60,2,63,0.05,1.8248e+05,13.133,13895,16.54,3273.5
1,61,1,33,0.90909,80273,10.778,7447.9,16.758,1737.3
1,62,2,63,0.90909,1.7423e+05,44.341,3929.3,8.5238,1687
1,63,1,90,0.42857,1.8788e+05,15.49,12129,12.522,3540.6
1,64,2,63,0.42857,99164,26.564,3733,8.2698,1636.8
1,65,1,42,0.5,95601,38.618,2475.6,8.2857,1093.3
1,66,2,63,0.5,1.8379e+05,13.093,14037,16.619,3289.2
1,67,1,120,0.90476,1.9223e+05,26.054,7378,8.4667,3191.9
1,68,2,63,0.90476,1.0566e+05,7.4455,14191,16.714,3308.1
1,69,1,87,0.38095,1.12e+05,10.237,10941,12.103,3308.1
1,70,2,63,0.38095,1.8096e+05,43.645,4146.1,8.746,1731
1,71,1,24,1.625,1.1973e+05,30.871,3878.3,13.917,1049.3
1,72,2,63,1.625,96015,25.748,3729.1,8.2857,1639.9
1,73,1,72,0.14286,1.0548e+05,23.418,4504.3,8.5417,1932.1
1,74,2,63,0.14286,1.7149e+05,20.373,8417.9,12.317,2437.9
1,75,1,27,1.3333,1.4583e+05,33.802,4314.2,13.593,1153
1,76,2,63,1.3333,1.0076e+05,25.184,4000.8,8.5397,1690.2
1,77,1,78,0.2381,1.0997e+05,9.4394,11650,13.346,3270.4
1,78,2,63,0.2381,1.6642e+05,43.032,3867.3,8.4762,1677.6
1,79,1,96,0.52381,1.8516e+05,30.935,5985.5,8.5729,2585.5
1,80,2,63,0.52381,1.0601e+05,7.6572,13844,16.46,3257.8
1,81,1,66,0.047619,1.0031e+05,22.938,4373.1,8.8182,1828.4
1,82,2,63,0.047619,1.7961e+05,18.725,9592.1,13.476,2667.2
1,83,1,51,0.23529,98510,36.557,2694.7,7.9412,1272.3
1,84,2,63,0.23529,1.7738e+05,18.169,9762.5,13.524,2676.6
1,85,1,111,0.7619,1.1147e+05,16.265,6853.4,8.5045,2965.7
1,86,2,63,0.7619,1.6352e+05,16.776,9747.6,13.413,2654.6
1,87,1,36,0.75,1.418e+05,71.193,1991.8,8.0556,911.06
1,88,2,63,0.75,1.1775e+05,8.5712,13737,16.397,3245.3
1,89,1,99,0.57143,1.1479e+05,5.2078,22041,16.626,5171.1
1,90,2,63,0.57143,1.724e+05,43.423,3970.2,8.619,1705.9
1,91,1,36,0.75,95042,44.197,2150.4,8.3889,948.76
1,92,2,63,0.75,1.8227e+05,12.789,14252,16.73,3311.2
1,93,1,90,0.42857,1.9331e+05,10.068,19201,16.211,4583.6
1,94,2,63,0.42857,1.0401e+05,27.126,3834.3,8.381,1658.8
1,95,1,90,0.42857,1.0021e+05,7.6368,13122,13.044,3688.2
1,96,2,63,0.42857,1.8349e+05,48.835,3757.3,8.3175,1646.2
1,97,1,99,0.57143,1.9317e+05,13.609,14195,12.96,4030.7
1,98,2,63,0.57143,1.0208e+05,26.211,3894.8,8.5556,1693.3
1,99,1,120,0.90476,1.103e+05,14.899,7403.2,8.4833,3198.1
1,100,2,63,0.90476,1.6441e+05,12.723,12922,15.921,3151
1,101,1,78,0.2381,1.0837e+05,9.5263,11376,12.974,3179.3
1,102,2,63,0.2381,1.7684e+05,42.283,4182.2,8.7778,1737.3
1,103,1,33,0.90909,90577,42.244,2144.1,8.7273,904.78
1,104,2,63,0.90909,1.9206e+05,13.732,13986,16.619,3289.2
1,105,1,45,0.4,1.6433e+05,55.648,2953.1,8.8,1244.1
1,106,2,63,0.4,1.0961e+05,12.649,8666.1,12.635,2500.7
1,107,1,33,0.90909,1.6135e+05,22.459,7184,16.333,1693.3
1,108,2,63,0.90909,1.0469e+05,29.366,3564.9,8.1111,1605.4
1,109,1,54,0.16667,1.8454e+05,15.653,11790,16.463,2792.9
1,110,2,63,0.16667,1.013e+05,27.389,3698.4,8.2381,1630.5
1,111,1,42,0.5,1.4548e+05,23.087,6301.2,13.405,1768.7
1,112,2,63,0.5,99178,25.025,3963.1,8.5397,1690.2
1,113,1,27,1.3333,90473,49.019,1845.7,9.037,766.55
1,114,2,63,1.3333,1.7958e+05,19,9451.5,13.302,2632.7
1,115,1,132,1.0952,1.9726e+05,11.24,17549,12.409,5145.9
1,116,2,63,1.0952,1.041e+05,28.376,3668.6,8.2698,1636.8
1,117,1,117,0.85714,1.8814e+05,26.114,7204.5,8.453,3107
1,118,2,63,0.85714,1.1036e+05,11.654,9469.5,13.349,2642.1
1,119,1,24,1.625,77936,24.039,3242.1,12.333,929.91
1,120,2,63,1.625,1.7228e+05,43.774,3935.6,8.4603,1674.5
1,121,1,33,0.90909,87397,36.665,2383.7,9.1818,951.9
1,122,2,63,0.90909,1.8447e+05,13.008,14181,16.698,3305
1,123,1,51,0.23529,1.8036e+05,16.904,10670,16.059,2573
1,124,2,63,0.23529,1.1053e+05,30.161,3664.7,8.2857,1639.9
1,125,1,48,0.3125,1.7123e+05,25.508,6712.8,12.729,1919.5
1,126,2,63,0.3125,1.0022e+05,24.437,4101.3,8.7619,1734.2
1,127,1,21,2,1.3745e+05,53.899,2550.2,11.857,782.26
1,128,2,63,2,1.0256e+05,25.837,3969.4,8.6032,1702.7
1,129,1,33,0.90909,97385,20.284,4801.1,13.121,1360.3
1,130,2,63,0.90909,1.7416e+05,42.826,4066.8,8.6349,1709
1,131,1,126,1,1.9754e+05,10.959,18025,12.968,5133.4
1,132,2,63,1,1.0368e+05,27.886,3718.1,8.2857,1639.9
1,133,1,45,0.4,96228,15.382,6255.7,12.6,1781.3
1,134,2,63,0.4,1.7603e+05,43.99,4001.6,8.5238,1687
1,135,1,66,0.047619,1.0091e+05,25.677,3930.1,8.3333,1727.9
1,136,2,63,0.047619,1.8604e+05,13.201,14093,16.603,3286.1
1,137,1,66,0.047619,1.0834e+05,7.4763,14491,16.455,3411.8
1,138,2,63,0.047619,1.7917e+05,46.681,3838.2,8.4286,1668.2
1,139,1,33,0.90909,1.7206e+05,81.502,2111.2,8.6667,898.5
1,140,2,63,0.90909,1.0686e+05,12.336,8662.2,12.81,2535.3
1,141,1,21,2,67672,24.353,2778.7,12.476,823.1
1,142,2,63,2,1.7501e+05,46.99,3724.4,8.254,1633.6
1,143,1,15,3.2,95733,93.117,1028.1,8.8667,417.83
1,144,2,63,3.2,1.07e+05,12.299,8699.9,12.683,2510.1
1,145,1,51,0.23529,1.5609e+05,26.425,5907,11.588,1856.7
1,146,2,63,0.23529,94612,23.835,3969.4,8.5714,1696.5
1,147,1,99,0.57143,1.1131e+05,18.884,5894.4,8.3737,2604.4
1,148,2,63,0.57143,1.6324e+05,16.91,9653.3,13.476,2667.2
1,149,1,54,0.16667,1.0185e+05,12.826,7941.2,13.167,2233.7
1,150,2,63,0.16667,1.7402e+05,47.64,3652.9,8.3016,1643.1
1,151,1,54,0.16667,1.0782e+05,12.538,8599.3,13.722,2327.9
1,152,2,63,0.16667,1.8596e+05,48.242,3854.7,8.4127,1665
1,153,1,21,2,90354,69.723,1295.9,8.4762,559.2
1,154,2,63,2,1.8226e+05,20.209,9018.7,12.968,2566.7
1,155,1,51,0.23529,1.0224e+05,32.183,3176.9,8.451,1354
1,156,2,63,0.23529,1.8135e+05,12.865,14096,16.683,3301.8
1,157,1,78,0.2381,1.7887e+05,39.963,4476,8.1923,2007.5
1,158,2,63,0.2381,1.0826e+05,7.6803,14096,16.651,3295.5
1,159,1,111,0.7619,1.8668e+05,7.7733,24016,16.342,5698.8
1,160,2,63,0.7619,1.0416e+05,25.155,4140.6,8.7619,1734.2
1,161,1,39,0.61538,1.6977e+05,74.129,2290.2,8.359,1024.2
1,162,2,63,0.61538,1.0403e+05,7.9274,13123,16.048,3176.2
1,163,1,51,0.23529,1.7676e+05,65.103,2715.1,7.9412,1272.3
1,164,2,63,0.23529,1.0692e+05,7.5657,14132,16.714,3308.1
1,165,1,66,0.047619,1.8049e+05,11.834,15252,16.955,3515.4
1,166,2,63,0.047619,98237,27.783,3535.9,8.0635,1595.9
1,167,1,96,0.52381,1.887e+05,12.217,15445,13.719,4137.5
1,168,2,63,0.52381,1.0988e+05,26.822,4096.6,8.7302,1727.9
1,169,1,60,0.05,1.749e+05,12.909,13549,16.783,3163.6
1,170,2,63,0.05,1.0856e+05,26.434,4106.8,8.6825,1718.5
1,171,1,66,0.047619,1.8683e+05,45.975,4063.7,8.4545,1753
1,172,2,63,0.047619,1.0726e+05,7.6988,13932,16.556,3276.7
1,173,1,30,1.1,1.5914e+05,100.06,1590.4,7.9667,750.84
1,174,2,63,1.1,1.0997e+05,12.724,8642.5,12.603,2494.4
1,175,1,30,1.1,1.726e+05,28.882,5976.1,15.7,1479.7
1,176,2,63,1.1,1.0054e+05,23.329,4309.5,8.9365,1768.7
1,177,1,54,0.16667,1.6811e+05,53.713,3129.8,8.2407,1398
1,178,2,63,0.16667,1.0303e+05,7.1422,14426,16.889,3342.7
1,179,1,21,2,1.5862e+05,32.623,4862.4,17,1121.5
1,180,2,63,2,98949,26.748,3699.2,8.3175,1646.2
1,181,1,33,0.90909,1.5363e+05,33.766,4549.8,12.576,1303.8
1,182,2,63,0.90909,97369,23.989,4058.9,8.6032,1702.7
1,183,1,45,0.4,1.5457e+05,25.029,6175.6,12.689,1793.8
1,184,2,63,0.4,1.023e+05,27.606,3705.5,8.2857,1639.9
1,185,1,66,0.047619,1.1123e+05,8.0052,13894,16.106,3339.5
1,186,2,63,0.047619,1.7386e+05,46.968,3701.6,8.3016,1643.1
1,187,1,111,0.7619,1.8412e+05,28.981,6353.1,8.1892,2855.7
1,188,2,63,0.7619,1.029e+05,12.102,8502.7,12.508,2475.6
1,189,1,54,0.16667,1.0621e+05,32.321,3286.1,8.4815,1438.8
1,190,2,63,0.16667,1.842e+05,19.347,9520.6,13.206,2613.8
1,191,1,15,3.2,1.3308e+05,56.558,2353.1,13.6,640.88
1,192,2,63,3.2,1.0325e+05,26.499,3896.4,8.4921,1680.8
1,193,1,42,0.5,1.0245e+05,11.508,8902.5,16.214,2139.4
1,194,2,63,0.5,1.7625e+05,47.243,3730.6,8.4127,1665
1,195,1,84,0.33333,1.8945e+05,16.599,11413,12.548,3311.2
1,196,2,63,0.33333,1.039e+05,27.242,3813.9,8.4444,1671.3
1,197,1,111,0.7619,1.9146e+05,11.561,16561,13.279,4630.7
1,198,2,63,0.7619,98244,24.799,3961.5,8.5714,1696.5
1,199,1,66,0.047619,1.6577e+05,17.105,9691.8,13.152,2726.9
1,200,2,63,0.047619,1.0682e+05,23.917,4466.6,9.127,1806.4
1,201,1,48,0.3125,1.0009e+05,18.108,5527.6,11.583,1746.7
1,202,2,63,0.3125,1.8041e+05,51.959,3472.2,8.0476,1592.8
1,203,1,108,0.71429,1.903e+05,29.549,6440.3,8.3333,2827.4
1,204,2,63,0.71429,1.083e+05,11.278,9602.3,13.46,2664.1
1,205,1,39,0.61538,93034,17.453,5330.5,12.641,1548.8
1,206,2,63,0.61538,1.7104e+05,43.243,3955.3,8.5397,1690.2
1,207,1,78,0.2381,1.0122e+05,21.668,4671.5,8.3846,2054.6
1,208,2,63,0.2381,1.8575e+05,13.855,13406,16.175,3201.3
1,209,1,90,0.42857,1.1841e+05,5.6715,20879,16.978,4800.4
1,210,2,63,0.42857,1.8026e+05,41.557,4337.8,8.9365,1768.7
1,211,1,99,0.57143,1.0652e+05,16.905,6301.2,8.6566,2692.3
1,212,2,63,0.57143,1.7683e+05,12.951,13653,16.381,3242.1
1,213,1,33,0.90909,87236,12.412,7028.5,16.212,1680.8
1,214,2,63,0.90909,1.7316e+05,43.299,3999.2,8.6349,1709
1,215,1,57,0.10526,1.0412e+05,11.089,9389.4,13.947,2497.6
1,216,2,63,0.10526,1.6864e+05,39.132,4309.5,8.9683,1775
1,217,1,93,0.47619,1.9497e+05,9.5791,20354,16.462,4809.8
1,218,2,63,0.47619,96310,23.523,4094.3,8.7143,1724.7
1,219,1,60,0.05,1.0509e+05,28.622,3671.7,8.45,1592.8
1,220,2,63,0.05,1.7755e+05,12.036,14752,17.095,3383.5
1,221,1,90,0.42857,1.816e+05,31.906,5691.8,8.6333,2441
1,222,2,63,0.42857,1.0529e+05,12.46,8450.1,12.556,2485
1,223,1,54,0.16667,87857,26.389,3329.3,8.463,1435.7
1,224,2,63,0.16667,1.6861e+05,16.932,9958.1,13.73,2717.5
1,225,1,105,0.66667,1.9581e+05,13.547,14454,12.714,4194
1,226,2,63,0.66667,1.0138e+05,26.653,3803.7,8.4603,1674.5
1,227,1,48,0.3125,1.7686e+05,56.663,3121.2,8.625,1300.6
1,228,2,63,0.3125,1.0454e+05,7.2162,14487,16.889,3342.7
1,229,1,39,0.61538,1.0712e+05,12.276,8725.8,16.718,2048.3
1,230,2,63,0.61538,1.723e+05,40.113,4295.3,8.9048,1762.4
1,231,1,132,1.0952,1.1759e+05,4.101,28673,16.402,6801.5
1,232,2,63,1.0952,1.7962e+05,52.192,3441.6,8.0317,1589.6
1,233,1,78,0.2381,1.9177e+05,10.799,17758,16.821,4121.8
1,234,2,63,0.2381,93075,24.344,3823.3,8.4762,1677.6
1,235,1,78,0.2381,1.8657e+05,16.812,11098,12.949,3173
1,236,2,63,0.2381,1.0323e+05,26.753,3858.7,8.4603,1674.5
1,237,1,21,2,1.4607e+05,32.132,4545.9,16.381,1080.7
1,238,2,63,2,1.0602e+05,22.57,4697.5,9.3175,1844.1
1,239,1,39,0.61538,1.5739e+05,70.438,2234.5,8.1795,1002.2
1,240,2,63,0.61538,1.0749e+05,10.353,10383,14,2770.9
1,241,1,30,1.1,1.4745e+05,70.793,2082.9,9,848.23
1,242,2,63,1.1,1.0337e+05,12.046,8581.3,12.603,2494.4
1,243,1,78,0.2381,1.0883e+05,9.1936,11838,13.308,3261
1,244,2,63,0.2381,1.8565e+05,48.172,3853.9,8.4286,1668.2
1,245,1,15,3.2,78687,113.72,691.94,7.4,348.72
1,246,2,63,3.2,1.8542e+05,14.611,12690,15.778,3122.7
1,247,1,54,0.16667,1.0091e+05,8.7077,11589,16.315,2767.7
1,248,2,63,0.16667,1.7011e+05,42.336,4018.1,8.6032,1702.7
1,249,1,66,0.047619,1.7956e+05,48.049,3736.9,8.1818,1696.5
1,250,2,63,0.047619,1.0826e+05,7.4185,14593,17,3364.6
1,251,1,57,0.10526,1.0078e+05,27.584,3653.7,8.6316,1545.7
1,252,2,63,0.10526,1.7561e+05,12.804,13715,16.46,3257.8
1,253,1,72,0.14286,1.8094e+05,41.435,4366.8,8.3889,1897.5
1,254,2,63,0.14286,1.0545e+05,11.543,9135.8,13.206,2613.8
1,255,1,57,0.10526,1.6879e+05,54.937,3072.5,8.0351,1438.8
1,256,2,63,0.10526,1.0428e+05,7.5964,13727,16.444,3254.7
1,257,1,120,0.90476,1.1377e+05,6.9524,16364,12.575,4740.7
1,258,2,63,0.90476,1.793e+05,49.468,3624.6,8.2063,1624.2
1,259,1,60,0.05,1.0903e+05,8.5091,12813,16.267,3066.2
1,260,2,63,0.05,1.7173e+05,44.934,3821.7,8.4127,1665
1,261,1,57,0.10526,1.0945e+05,8.8098,12423,16.456,2946.8
1,262,2,63,0.10526,1.8437e+05,48.573,3795.8,8.4286,1668.2
1,263,1,21,2,1.3078e+05,101.72,1285.7,8.5238,562.35
1,264,2,63,2,1.0326e+05,10.93,9447.6,13.349,2642.1
1,265,1,93,0.47619,1.8817e+05,14.283,13174,12.946,3782.5
1,266,2,63,0.47619,1.0326e+05,26.755,3859.4,8.4762,1677.6
1,267,1,24,1.625,91013,64.023,1421.6,8.4167,634.6
1,268,2,63,1.625,1.692e+05,18.862,8970,12.841,2541.5
1,269,1,15,3.2,49302,25.069,1966.6,12.533,590.62
1,270,2,63,3.2,1.7246e+05,46.502,3708.7,8.254,1633.6
1,271,1,30,1.1,89334,19.331,4621.3,13.6,1281.8
1,272,2,63,1.1,1.7399e+05,43.99,3955.3,8.5079,1683.9
1,273,1,66,0.047619,1.6748e+05,44.471,3766,8.1667,1693.3
1,274,2,63,0.047619,1.0108e+05,11.535,8763.5,12.794,2532.1
1,275,1,90,0.42857,98329,8.085,12162,12.478,3528
1,276,2,63,0.42857,1.6987e+05,41.259,4117.1,8.7302,1727.9
1,277,1,72,0.14286,1.0481e+05,22.906,4575.7,8.6389,1954.1
1,278,2,63,0.14286,1.8214e+05,12.893,14127,16.651,3295.5
1,279,1,72,0.14286,1.7514e+05,16.509,10609,13.306,3009.6
1,280,2,63,0.14286,98880,27.192,3636.4,8.2222,1627.3
1,281,1,45,0.4,1.0489e+05,37.085,2828.2,8.6,1215.8
1,282,2,63,0.4,1.7003e+05,17.76,9574,13.365,2645.2
1,283,1,66,0.047619,1.0736e+05,29.152,3682.7,8.0455,1668.2
1,284,2,63,0.047619,1.8414e+05,13.28,13865,16.508,3267.3
1,285,1,36,0.75,1.6377e+05,87.573,1870,7.8056,882.79
1,286,2,63,0.75,1.0618e+05,12.989,8174.4,12.317,2437.9
1,287,1,48,0.3125,1.7077e+05,27.745,6155.2,12.354,1863
1,288,2,63,0.3125,1.0496e+05,27.103,3872.8,8.4286,1668.2
1,289,1,78,0.2381,1.0535e+05,21.174,4975.5,8.6538,2120.6
1,290,2,63,0.2381,1.7045e+05,12.217,13952,16.571,3279.8
1,291,1,60,0.05,1.1103e+05,12.525,8864.8,13.283,2503.8
1,292,2,63,0.05,1.8036e+05,46.628,3868.1,8.4286,1668.2
1,293,1,66,0.047619,1.829e+05,18.154,10075,13.273,2752
1,294,2,63,0.047619,1.0876e+05,28.389,3831.2,8.4444,1671.3
1,295,1,42,0.5,1.6292e+05,17.22,9460.9,16.714,2205.4
1,296,2,63,0.5,1.0436e+05,27.217,3834.3,8.4444,1671.3
1,297,1,39,0.61538,1.7368e+05,18.887,9195.4,17.128,2098.6
1,298,2,63,0.61538,1.0456e+05,28.799,3630.9,8.1746,1617.9
1,299,1,78,0.2381,1.7906e+05,16.781,10670,12.538,3072.5
1,300,2,63,0.2381,1.0583e+05,29.923,3536.6,8.1429,1611.6
1,301,1,57,0.10526,1.0976e+05,9.0021,12193,16.281,2915.4
1,302,2,63,0.10526,1.8122e+05,45.101,4018.1,8.5714,1696.5
1,303,1,33,0.90909,98206,48.92,2007.5,8.303,860.8
1,304,2,63,0.90909,1.7763e+05,19.217,9243.4,13.127,2598.1
1,305,1,78,0.2381,1.8317e+05,38.695,4733.6,8.3718,2051.5
1,306,2,63,0.2381,98320,7.2224,13613,16.365,3239
1,307,1,57,0.10526,1.7005e+05,45.823,3711,8.6842,1555.1
1,308,2,63,0.10526,1.0076e+05,10.726,9393.4,13.175,2607.5
1,309,1,66,0.047619,1.042e+05,10.914,9548.1,12.985,2692.3
1,310,2,63,0.047619,1.6264e+05,41.423,3926.2,8.4921,1680.8
1,311,1,90,0.42857,1.098e+05,8.7422,12560,12.756,3606.5
1,312,2,63,0.42857,1.7636e+05,44.185,3991.4,8.5397,1690.2
1,313,1,54,0.16667,1.0151e+05,28.443,3568.8,8.6296,1464
1,314,2,63,0.16667,1.9169e+05,14.348,13360,16.143,3195
1,315,1,90,0.42857,1.847e+05,34.891,5293.6,8.2889,2343.6
1,316,2,63,0.42857,1.0255e+05,10.029,10225,13.762,2723.8
1,317,1,72,0.14286,1.7284e+05,11.184,15454,16.292,3685.1
1,318,2,63,0.14286,98595,26.39,3736.1,8.3651,1655.6
1,319,1,48,0.3125,1.0151e+05,32.622,3111.7,8.7083,1313.2
1,320,2,63,0.3125,1.847e+05,12.728,14511,16.921,3348.9
1,321,1,30,1.1,1.4399e+05,30.762,4681,13.533,1275.5
1,322,2,63,1.1,1.0212e+05,24.232,4214.4,8.8254,1746.7
1,323,1,54,0.16667,1.7673e+05,23.757,7439.3,12.519,2123.7
1,324,2,63,0.16667,1.0025e+05,26.253,3818.6,8.381,1658.8
1,325,1,54,0.16667,1.0387e+05,12.904,8049.5,13.167,2233.7
1,326,2,63,0.16667,1.7882e+05,44.952,3978,8.619,1705.9
1,327,1,36,0.75,1.526e+05,20.618,7401.6,15.944,1803.3
1,328,2,63,0.75,1.0439e+05,29.616,3524.9,8.0952,1602.2
1,329,1,108,0.71429,1.1e+05,15.384,7150.3,8.7593,2971.9
1,330,2,63,0.71429,1.944e+05,14.222,13669,16.381,3242.1
1,331,1,126,1,1.1097e+05,14.631,7584.6,8.3889,3320.7
1,332,2,63,1,1.8404e+05,12.847,14326,16.794,3323.8
1,333,1,57,0.10526,1.692e+05,43.164,3919.9,8.9649,1605.4
1,334,2,63,0.10526,1.032e+05,12.208,8453.2,12.587,2491.3
1,335,1,90,0.42857,1.8959e+05,34.342,5520.6,8.4556,2390.8
1,336,2,63,0.42857,1.0315e+05,10.44,9879.5,13.508,2673.5
1,337,1,30,1.1,91997,21.927,4195.6,12.733,1200.1
1,338,2,63,1.1,1.634e+05,43.191,3783.3,8.3333,1649.3
1,339,1,96,0.52381,1.1176e+05,18.082,6181.1,8.625,2601.2
1,340,2,63,0.52381,1.963e+05,13.766,14260,16.746,3314.4
1,341,1,45,0.4,1.6979e+05,67.917,2499.9,8.0222,1134.1
1,342,2,63,0.4,1.0673e+05,11.697,9124.8,13.111,2595
1,343,1,54,0.16667,1.8638e+05,15.75,11834,16.537,2805.4
1,344,2,63,0.16667,98574,25.698,3835.9,8.4762,1677.6
1,345,1,54,0.16667,1.8242e+05,15.396,11849,16.481,2796
1,346,2,63,0.16667,1.0446e+05,25.349,4121,8.7778,1737.3
1,347,1,117,0.85714,1.8657e+05,11.656,16006,12.624,4640.1
1,348,2,63,0.85714,1.0414e+05,28.345,3674.1,8.2857,1639.9
1,349,1,108,0.71429,1.0935e+05,15.447,7079.6,8.7037,2953.1
1,350,2,63,0.71429,1.7952e+05,20.276,8853.8,12.841,2541.5
1,351,1,27,1.3333,84482,46.646,1811.1,8.8889,753.98
1,352,2,63,1.3333,1.7614e+05,12.885,13670,16.365,3239
1,353,1,48,0.3125,1.7261e+05,17.256,10003,16.083,2425.3
1,354,2,63,0.3125,1.054e+05,26.685,3949.8,8.5873,1699.6
1,355,1,24,1.625,77204,45.32,1703.5,9.125,688.01
1,356,2,63,1.625,1.7986e+05,13.648,13178,16.079,3182.4
1,357,1,72,0.14286,1.0167e+05,24.416,4164.2,8.25,1866.1
1,358,2,63,0.14286,1.7569e+05,12.804,13721,16.476,3261
1,359,1,90,0.42857,1.0594e+05,18.58,5702,8.5556,2419
1,360,2,63,0.42857,1.8373e+05,13.668,13442,16.238,3213.8
1,361,1,21,2,1.3389e+05,83.651,1600.6,9.5238,628.32
1,362,2,63,2,1.052e+05,7.4952,14036,16.587,3283
1,363,1,33,0.90909,1.7096e+05,84.175,2031,8.4848,879.65
1,364,2,63,0.90909,1.0353e+05,11.177,9263,13.238,2620.1
1,365,1,84,0.33333,1.7619e+05,33.447,5267.7,8.5833,2265.1
1,366,2,63,0.33333,1.0844e+05,12.652,8571.1,12.651,2503.8
1,367,1,72,0.14286,1.0711e+05,10.366,10333,12.972,2934.2
1,368,2,63,0.14286,1.8025e+05,52.904,3407.1,8,1583.4
1,369,1,60,0.05,1.6728e+05,44.224,3782.5,8.6,1621.1
1,370,2,63,0.05,1.0561e+05,7.8528,13449,16.286,3223.3
1,371,1,57,0.10526,1.6031e+05,45.068,3557.1,8.5789,1536.2
1,372,2,63,0.10526,1.1067e+05,7.6099,14543,16.937,3352.1
1,373,1,66,0.047619,1.1146e+05,11.282,9879.5,13.379,2774
1,374,2,63,0.047619,1.8417e+05,45.8,4021.2,8.6032,1702.7
1,375,1,45,0.4,1.0061e+05,13.984,7194.2,13.689,1935.2
1,376,2,63,0.4,1.6097e+05,43.963,3661.5,8.254,1633.6
1,377,1,48,0.3125,1.0207e+05,31.369,3253.9,8.8958,1341.5
1,378,2,63,0.3125,1.8817e+05,13.184,14272,16.794,3323.8
1,379,1,66,0.047619,1.118e+05,8.3152,13445,15.833,3283
1,380,2,63,0.047619,1.6424e+05,40.362,4069.1,8.6508,1712.2
1,381,1,78,0.2381,1.8946e+05,11.179,16948,16.423,4024.4
1,382,2,63,0.2381,1.0022e+05,24.076,4162.6,8.7619,1734.2
1,383,1,78,0.2381,1.063e+05,23.674,4490.1,8.2179,2013.8
1,384,2,63,0.2381,1.7903e+05,12.301,14553,16.984,3361.5
1,385,1,132,1.0952,1.9016e+05,23.526,8083.3,8.4545,3506
1,386,2,63,1.0952,1.0442e+05,7.2697,14363,16.794,3323.8
1,387,1,126,1,1.1092e+05,6.726,16491,12.357,4891.5
1,388,2,63,1,1.7372e+05,41.051,4231.7,8.8571,1753
1,389,1,15,3.2,1.3798e+05,40.238,3429,16.8,791.68
1,390,2,63,3.2,88729,24.651,3599.5,8.1111,1605.4
1,391,1,48,0.3125,98531,33.888,2907.5,8.375,1262.9
1,392,2,63,0.3125,1.9594e+05,13.77,14230,16.73,3311.2
1,393,1,99,0.57143,1.8539e+05,31.173,5947,8.404,2613.8
1,394,2,63,0.57143,99852,7.3809,13528,16.302,3226.4
1,395,1,45,0.4,1.0118e+05,14.56,6949.2,13.467,1903.8
1,396,2,63,0.4,1.6907e+05,47.542,3556.3,8.1587,1614.8
1,397,1,117,0.85714,1.1029e+05,15.894,6939,8.2991,3050.5
1,398,2,63,0.85714,1.8439e+05,19.719,9351,13.206,2613.8
1,399,1,111,0.7619,1.1679e+05,4.8168,24248,16.477,5746
1,400,2,63,0.7619,1.749e+05,48.772,3586.1,8.127,1608.5
1,401,1,54,0.16667,1.7524e+05,22.83,7675.7,12.981,2202.3
1,402,2,63,0.16667,1.0581e+05,25.131,4210.5,8.8095,1743.6
1,403,1,45,0.4,1.5748e+05,51.772,3041.8,8.8667,1253.5
1,404,2,63,0.4,1.098e+05,12.047,9113.8,13.079,2588.7
1,405,1,21,2,81810,60.49,1352.5,8.7619,578.05
1,406,2,63,2,1.8894e+05,13.769,13722,16.429,3251.5
1,407,1,45,0.4,1.8267e+05,17.948,10178,16.733,2365.6
1,408,2,63,0.4,1.0971e+05,29.204,3756.6,8.3333,1649.3
1,409,1,66,0.047619,1.7937e+05,12.548,14295,16.379,3396.1
1,410,2,63,0.047619,1.0306e+05,28.676,3594,8.1905,1621.1
1,411,1,48,0.3125,97987,37.142,2638.2,8.0208,1209.5
1,412,2,63,0.3125,1.8012e+05,20.02,8996.7,12.937,2560.4
1,413,1,144,1.2857,1.1066e+05,12.458,8882.9,8.4722,3832.7
1,414,2,63,1.2857,1.8054e+05,13.116,13765,16.476,3261
1,415,1,48,0.3125,1.7822e+05,67.96,2622.4,8.0208,1209.5
1,416,2,63,0.3125,1.0577e+05,7.7959,13567,16.317,3229.6
1,417,1,54,0.16667,1.6748e+05,46.51,3601.1,8.7963,1492.3
1,418,2,63,0.16667,1.1342e+05,12.619,8988.1,12.889,2551
1,419,1,90,0.42857,1.0872e+05,21.417,5076,8.1,2290.2
1,420,2,63,0.42857,1.7536e+05,18.312,9576.4,13.159,2604.4
1,421,1,48,0.3125,1.7822e+05,26.75,6662.5,12.854,1938.4
1,422,2,63,0.3125,98728,26.768,3688.2,8.254,1633.6
1,423,1,87,0.38095,1.8208e+05,9.893,18405,16.161,4417.1
1,424,2,63,0.38095,1.036e+05,27.103,3822.5,8.3968,1661.9
1,425,1,78,0.2381,1.8273e+05,40.21,4544.3,8.2308,2016.9
1,426,2,63,0.2381,1.0241e+05,11.847,8644.1,12.667,2507
1,427,1,48,0.3125,1.6225e+05,52.888,3067.8,8.625,1300.6
1,428,2,63,0.3125,1.0841e+05,13.625,7956.9,12.048,2384.5
1,429,1,48,0.3125,1.1322e+05,10.483,10800,16.729,2522.7
1,430,2,63,0.3125,1.7257e+05,45.417,3799.8,8.3492,1652.5
1,431,1,60,0.05,1.0923e+05,8.2623,13220,16.5,3110.2
1,432,2,63,0.05,1.6369e+05,43.439,3768.3,8.3492,1652.5
1,433,1,117,0.85714,1.1079e+05,15.245,7267.3,8.5043,3125.9
1,434,2,63,0.85714,1.9051e+05,13.702,13904,16.556,3276.7
1,435,1,30,1.1,1.4455e+05,36.045,4010.2,12.467,1175
1,436,2,63,1.1,1.0012e+05,24.158,4144.5,8.8095,1743.6
1,437,1,66,0.047619,1.7488e+05,44.657,3916,8.3333,1727.9
1,438,2,63,0.047619,1.0356e+05,11.859,8732.8,12.651,2503.8
1,439,1,60,0.05,1.7598e+05,44.169,3984.3,8.7833,1655.6
1,440,2,63,0.05,1.0739e+05,12.51,8584.4,12.571,2488.1
1,441,1,90,0.42857,1.102e+05,5.7952,19015,16.144,4564.7
1,442,2,63,0.42857,1.7513e+05,43.398,4035.4,8.6032,1702.7
1,443,1,54,0.16667,1.8182e+05,52.339,3473.8,8.6111,1460.8
1,444,2,63,0.16667,1.1345e+05,11.73,9671.4,13.492,2670.4
1,445,1,144,1.2857,1.9358e+05,21.149,9153,8.6111,3895.6
1,446,2,63,1.2857,98725,11.342,8704.6,12.841,2541.5
1,447,1,36,0.75,1.5169e+05,32.003,4739.9,12.361,1398
1,448,2,63,0.75,1.0576e+05,26.056,4058.9,8.6667,1715.3
1,449,1,132,1.0952,1.1341e+05,6.1328,18492,12.75,5287.3
1,450,2,63,1.0952,1.7345e+05,40.702,4261.6,8.8254,1746.7
1,451,1,126,1,1.1238e+05,14.547,7725.2,8.4603,3348.9
1,452,2,63,1,1.7837e+05,17.85,9992.6,13.73,2717.5
1,453,1,48,0.3125,1.0207e+05,34.5,2958.6,8.4792,1278.6
1,454,2,63,0.3125,1.8762e+05,18.622,10075,13.587,2689.2
1,455,1,36,0.75,92956,41.455,2242.3,8.5833,970.75
1,456,2,63,0.75,1.7558e+05,21.007,8358.2,12.444,2463
1,457,1,66,0.047619,1.8292e+05,47.406,3858.7,8.2879,1718.5
1,458,2,63,0.047619,1.1095e+05,11.313,9808.1,13.619,2695.5
1,459,1,66,0.047619,1.0976e+05,7.7255,14207,16.348,3389.8
1,460,2,63,0.047619,1.7693e+05,48.572,3642.7,8.1587,1614.8
1,461,1,60,0.05,1.8093e+05,44.039,4108.4,8.9833,1693.3
1,462,2,63,0.05,1.0472e+05,10.179,10288,13.794,2730
1,463,1,60,0.05,1.0561e+05,8.929,11827,15.617,2943.7
1,464,2,63,0.05,1.5494e+05,38.171,4058.9,8.6667,1715.3
1,465,1,48,0.3125,1.8125e+05,17.611,10292,16.333,2463
1,466,2,63,0.3125,1.0005e+05,27.556,3630.9,8.2063,1624.2
1,467,1,30,1.1,94076,13.477,6980.6,17,1602.2
1,468,2,63,1.1,1.7997e+05,47.757,3768.3,8.3492,1652.5
1,469,1,60,0.05,1.0716e+05,30.994,3457.3,8.2333,1551.9
1,470,2,63,0.05,1.8584e+05,13.317,13955,16.603,3286.1
1,471,1,144,1.2857,1.1625e+05,5.6062,20736,13.014,5887.3
1,472,2,63,1.2857,1.8044e+05,46.469,3883,8.4762,1677.6
1,473,1,78,0.2381,1.0944e+05,23.527,4651.9,8.2692,2026.3
1,474,2,63,0.2381,1.7617e+05,17.661,9975.3,13.571,2686.1
1,475,1,48,0.3125,97527,35.098,2778.7,8.125,1225.2
1,476,2,63,0.3125,1.7228e+05,12.838,13419,16.254,3217
1,477,1,48,0.3125,1.8162e+05,16.798,10812,16.708,2519.6
1,478,2,63,0.3125,91711,23.686,3872,8.4444,1671.3
1,479,1,48,0.3125,1.6717e+05,53.614,3118,8.7917,1325.8
1,480,2,63,0.3125,1.0271e+05,11.882,8644.1,12.571,2488.1
1,481,1,105,0.66667,1.0624e+05,15.293,6946.8,8.7905,2899.7
1,482,2,63,0.66667,1.8534e+05,22.26,8326,12.397,2453.6
1,483,1,87,0.38095,1.879e+05,15.524,12104,12.724,3477.7
1,484,2,63,0.38095,1.0047e+05,25.933,3874.4,8.4603,1674.5
1,485,1,117,0.85714,1.9213e+05,7.5171,25559,16.436,6041.3
1,486,2,63,0.85714,1.0125e+05,25.408,3985.1,8.6032,1702.7
1,487,1,144,1.2857,1.9056e+05,20.978,9083.9,8.5694,3876.7
1,488,2,63,1.2857,1.0726e+05,8.2189,13051,15.952,3157.3
1,489,1,42,0.5,1.6194e+05,65.812,2460.7,8.2619,1090.1
1,490,2,63,0.5,1.0629e+05,8.0076,13273,16.159,3198.1
1,491,1,66,0.047619,1.0391e+05,10.768,9650.2,12.955,2686.1
1,492,2,63,0.047619,1.7589e+05,46.86,3753.4,8.3016,1643.1
1,493,1,21,2,1.2338e+05,24.164,5105.9,17.476,1153
1,494,2,63,2,1.0622e+05,26.659,3984.3,8.5873,1699.6
1,495,1,45,0.4,1.6724e+05,55.178,3030.9,8.9111,1259.8
1,496,2,63,0.4,1.1361e+05,8.6381,13152,16.063,3179.3
1,497,1,21,2,90174,35.812,2518,11.81,779.11
1,498,2,63,2,1.7371e+05,43.486,3994.5,8.6349,1709
1,499,1,24,1.625,1.4707e+05,29.596,4969.2,15.958,1203.2
1,500,2,63,1.625,1.1206e+05,30.242,3705.5,8.3492,1652.5
1,501,1,60,0.05,1.0118e+05,12.786,7913.7,12.433,2343.6
1,502,2,63,0.05,1.7042e+05,43.65,3904.2,8.5238,1687
1,503,1,72,0.14286,1.9014e+05,41.863,4542,8.5417,1932.1
1,504,2,63,0.14286,1.0831e+05,13.515,8014.2,12.127,2400.2
1,505,1,48,0.3125,95048,14.228,6680.6,12.833,1935.2
1,506,2,63,0.3125,1.7754e+05,40.337,4401.4,9.0476,1790.7
1,507,1,66,0.047619,1.775e+05,11.611,15287,16.939,3512.3
1,508,2,63,0.047619,99331,26.163,3796.6,8.381,1658.8
1,509,1,48,0.3125,1.5682e+05,14.998,10456,16.438,2478.7
1,510,2,63,0.3125,1.0358e+05,25.654,4037.7,8.5873,1699.6
1,511,1,93,0.47619,1.8331e+05,30.111,6087.6,8.7204,2547.8
1,512,2,63,0.47619,1.0847e+05,12.52,8663.7,12.587,2491.3
1,513,1,30,1.1,1.4669e+05,83.868,1749.1,8.2333,775.97
1,514,2,63,1.1,1.0777e+05,8.2322,13092,16.016,3169.9
1,515,1,99,0.57143,1.9716e+05,9.1301,21595,16.434,5111.4
1,516,2,63,0.57143,1.0207e+05,29.053,3513.1,8.1111,1605.4
1,517,1,78,0.2381,1.8032e+05,35.551,5072.1,8.7436,2142.6
1,518,2,63,0.2381,1.0975e+05,12.84,8547.5,12.651,2503.8
1,519,1,42,0.5,99762,34.629,2880.8,8.9524,1181.2
1,520,2,63,0.5,1.8834e+05,12.755,14766,17.095,3383.5
1,521,1,60,0.05,1.9007e+05,13.664,13910,16.95,3195
1,522,2,63,0.05,1.0034e+05,25.788,3890.9,8.5079,1683.9
1,523,1,60,0.05,1.6548e+05,43.113,3838.2,8.65,1630.5
1,524,2,63,0.05,99958,11.052,9044.6,12.952,2563.5
1,525,1,84,0.33333,1.108e+05,10.473,10579,12.19,3217
1,526,2,63,0.33333,1.6976e+05,46.905,3619.1,8.1905,1621.1
1,527,1,84,0.33333,1.1317e+05,6.1259,18474,16.524,4360.5
1,528,2,63,0.33333,1.7274e+05,46.995,3675.7,8.254,1633.6
1,529,1,45,0.4,1.5668e+05,26.955,5812.7,12.333,1743.6
1,530,2,63,0.4,1.0538e+05,27.908,3776.2,8.4127,1665
1,531,1,30,1.1,1.6983e+05,72.37,2346.8,9.6,904.78
1,532,2,63,1.1,1.104e+05,8.3816,13172,16.079,3182.4
1,533,1,72,0.14286,1.13e+05,7.2355,15618,16.375,3703.9
1,534,2,63,0.14286,1.8081e+05,45.345,3987.5,8.619,1705.9
1,535,1,24,1.625,77831,48.175,1615.6,8.875,669.16
1,536,2,63,1.625,1.8683e+05,14.539,12851,15.841,3135.3
1,537,1,84,0.33333,97870,18.809,5203.3,8.4881,2240
1,538,2,63,0.33333,1.7798e+05,12.96,13733,16.492,3264.1
1,539,1,42,0.5,1.0766e+05,17.31,6219.6,13.262,1749.9
1,540,2,63,0.5,1.783e+05,46.132,3864.9,8.3968,1661.9
1,541,1,57,0.10526,1.8378e+05,15.608,11775,15.93,2852.6
1,542,2,63,0.10526,1.0455e+05,29.269,3572,8.127,1608.5
1,543,1,15,3.2,73059,22.033,3316,16.533,779.11
1,544,2,63,3.2,1.7582e+05,52.699,3336.4,7.9683,1577.1
1,545,1,51,0.23529,1.6077e+05,49.768,3230.3,8.5686,1372.9
1,546,2,63,0.23529,1.1228e+05,12.257,9160.9,13.048,2582.4
1,547,1,33,0.90909,84746,39.772,2130.8,8.6364,895.35
1,548,2,63,0.90909,1.8905e+05,13.16,14366,16.841,3333.2
1,549,1,51,0.23529,1.0576e+05,13.88,7619.9,13.176,2111.2
1,550,2,63,0.23529,1.7096e+05,45.865,3727.5,8.3492,1652.5
1,551,1,39,0.61538,1.009e+05,41.469,2433.2,8.4615,1036.7
1,552,2,63,0.61538,1.9554e+05,14.723,13282,16.111,3188.7
1,553,1,33,0.90909,96122,20.159,4768.2,13.061,1354
1,554,2,63,0.90909,1.7381e+05,47.045,3694.5,8.2857,1639.9
1,555,1,48,0.3125,1.0131e+05,13.178,7687.5,13.75,2073.5
1,556,2,63,0.3125,1.7765e+05,44.791,3966.3,8.6032,1702.7
1,557,1,111,0.7619,1.8638e+05,27.81,6701.8,8.3694,2918.5
1,558,2,63,0.7619,1.0317e+05,7.3241,14086,16.587,3283
1,559,1,30,1.1,95293,13.591,7011.2,17.1,1611.6
1,560,2,63,1.1,1.6921e+05,43.896,3854.7,8.4444,1671.3
1,561,1,45,0.4,1.0079e+05,10.161,9919.6,16.533,2337.3
1,562,2,63,0.4,1.7329e+05,50.85,3407.8,7.9524,1573.9
1,563,1,33,0.90909,1.4754e+05,19.751,7469.9,16.758,1737.3
1,564,2,63,0.90909,98706,22.398,4406.9,9.0635,1793.8
1,565,1,39,0.61538,1.6793e+05,28.562,5879.5,13.385,1639.9
1,566,2,63,0.61538,1.0711e+05,31.244,3428.3,8.0476,1592.8
1,567,1,48,0.3125,92844,31.967,2904.4,8.4583,1275.5
1,568,2,63,0.3125,1.7862e+05,19.161,9321.9,13.095,2591.8
1,569,1,21,2,67075,59.764,1122.3,7.8571,518.36
1,570,2,63,2,1.8522e+05,13.471,13749,16.413,3248.4
1,571,1,90,0.42857,1.8851e+05,32.413,5815.9,8.7222,2466.2
1,572,2,63,0.42857,1.0658e+05,7.8378,13598,16.317,3229.6
1,573,1,66,0.047619,1.862e+05,21.601,8619.7,12.197,2529
1,574,2,63,0.047619,99475,28.436,3498.2,8.127,1608.5
1,575,1,48,0.3125,97176,13.392,7256.3,13.146,1982.3
1,576,2,63,0.3125,1.6617e+05,42.854,3877.5,8.3968,1661.9
1,577,1,78,0.2381,1.6329e+05,35.185,4640.9,8.3718,2051.5
1,578,2,63,0.2381,1.1385e+05,8.8208,12907,15.873,3141.6
1,579,1,33,0.90909,1.402e+05,68.497,2046.7,8.4242,873.36
1,580,2,63,0.90909,1.0952e+05,8.0547,13598,16.365,3239
1,581,1,105,0.66667,1.1408e+05,8.3378,13682,12.333,4068.4
1,582,2,63,0.66667,1.6995e+05,47.214,3599.5,8.1746,1617.9
1,583,1,72,0.14286,1.0902e+05,24.336,4479.9,8.5,1922.7
1,584,2,63,0.14286,1.9066e+05,22.96,8304,12.365,2447.3
1,585,1,66,0.047619,1.0413e+05,24.851,4190.1,8.6212,1787.6
1,586,2,63,0.047619,1.8108e+05,12.424,14575,16.984,3361.5
1,587,1,45,0.4,1.0117e+05,10.653,9496.2,16.111,2277.7
1,588,2,63,0.4,1.8453e+05,52.188,3535.9,8.0635,1595.9
1,589,1,51,0.23529,1.0251e+05,9.5051,10785,16.196,2595
1,590,2,63,0.23529,1.7631e+05,43.59,4044.8,8.6349,1709
1,591,1,51,0.23529,96947,28.807,3365.4,8.6863,1391.7
1,592,2,63,0.23529,1.762e+05,13.229,13320,16.175,3201.3
1,593,1,57,0.10526,1.7787e+05,20.385,8725.8,13.333,2387.6
1,594,2,63,0.10526,1.0777e+05,26.232,4108.4,8.6825,1718.5
1,595,1,54,0.16667,1.7242e+05,14.814,11639,16.352,2774
1,596,2,63,0.16667,1.0442e+05,27.001,3867.3,8.4127,1665
1,597,1,39,0.61538,1.6834e+05,67.106,2508.6,8.6667,1061.9
1,598,2,63,0.61538,1.0688e+05,12.031,8883.6,12.937,2560.4
1,599,1,24,1.625,93016,19.614,4742.2,15.583,1175
1,600,2,63,1.625,1.7578e+05,47.058,3735.4,8.2857,1639.9
1,601,1,48,0.3125,1.619e+05,56.508,2865.1,8.2917,1250.4
1,602,2,63,0.3125,1.0451e+05,11.514,9076.8,12.968,2566.7
1,603,1,96,0.52381,1.1547e+05,5.6611,20397,16.188,4882
1,604,2,63,0.52381,1.7627e+05,42.725,4125.7,8.7778,1737.3
1,605,1,39,0.61538,98008,46.807,2093.9,7.8462,961.33
1,606,2,63,0.61538,1.8204e+05,23.292,7815.5,11.984,2371.9
1,607,1,48,0.3125,1.7234e+05,63.038,2734,8.2292,1240.9
1,608,2,63,0.3125,1.0408e+05,11.37,9153.8,12.968,2566.7
1,609,1,36,0.75,1.0587e+05,20.2,5241,12.861,1454.6
1,610,2,63,0.75,1.761e+05,48.104,3660.7,8.2381,1630.5
1,611,1,48,0.3125,97407,15.575,6254.1,12.313,1856.7
1,612,2,63,0.3125,1.8452e+05,50.189,3676.4,8.3016,1643.1
1,613,1,24,1.625,1.6348e+05,46.786,3494.2,13.125,989.6
1,614,2,63,1.625,1.044e+05,26.931,3876.7,8.5079,1683.9
1,615,1,51,0.23529,1.0898e+05,14.002,7783.3,13.451,2155.1
1,616,2,63,0.23529,1.7153e+05,45.162,3798.2,8.381,1658.8
1,617,1,90,0.42857,1.0909e+05,20.414,5343.8,8.3333,2356.2
1,618,2,63,0.42857,1.8833e+05,14.033,13421,16.254,3217
1,619,1,108,0.71429,1.8752e+05,28.182,6653.9,8.463,2871.4
1,620,2,63,0.71429,1.0524e+05,7.2716,14473,16.889,3342.7
1,621,1,117,0.85714,1.1755e+05,4.5853,25636,16.487,6060.1
1,622,2,63,0.85714,1.8208e+05,47.101,3865.7,8.4762,1677.6
1,623,1,84,0.33333,1.9394e+05,10.869,17843,16.19,4272.6
1,624,2,63,0.33333,95587,24.986,3825.7,8.3968,1661.9
1,625,1,66,0.047619,1.0348e+05,24.061,4300.8,8.6667,1797
1,626,2,63,0.047619,1.8961e+05,13.33,14224,16.746,3314.4
1,627,1,21,2,1.2741e+05,105,1213.4,8.2381,543.5
1,628,2,63,2,97912,10.556,9275.6,13.048,2582.4
1,629,1,48,0.3125,1.0736e+05,9.723,11042,16.938,2554.1
1,630,2,63,0.3125,1.869e+05,57.437,3253.9,7.8254,1548.8
1,631,1,90,0.42857,1.842e+05,14.243,12932,12.911,3650.5
1,632,2,63,0.42857,1.0933e+05,27.797,3933.3,8.5397,1690.2
1,633,1,48,0.3125,87095,30.126,2891.1,8.3542,1259.8
1,634,2,63,0.3125,1.8102e+05,20.061,9023.4,13,2573
1,635,1,105,0.66667,1.837e+05,28.296,6492.1,8.4952,2802.3
1,636,2,63,0.66667,1.1022e+05,11.433,9640.8,13.444,2660.9
1,637,1,45,0.4,1.5595e+05,16.62,9383.2,16.111,2277.7
1,638,2,63,0.4,98020,25.101,3905,8.4762,1677.6
1,639,1,66,0.047619,1.8652e+05,19.337,9645.5,13.167,2730
1,640,2,63,0.047619,1.023e+05,27.245,3755,8.3016,1643.1
1,641,1,48,0.3125,1.0498e+05,9.52,11028,16.938,2554.1
1,642,2,63,0.3125,1.8361e+05,47.7,3849.2,8.4286,1668.2
1,643,1,78,0.2381,1.8306e+05,37.388,4896.2,8.5385,2092.3
1,644,2,63,0.2381,1.05e+05,7.5891,13836,16.508,3267.3
1,645,1,48,0.3125,1.5988e+05,51.642,3096,8.6667,1306.9
1,646,2,63,0.3125,1.0333e+05,11.573,8928.4,12.921,2557.3
1,647,1,144,1.2857,1.1966e+05,3.7048,32299,16.681,7546.1
1,648,2,63,1.2857,1.8254e+05,43.745,4172.8,8.8095,1743.6
1,649,1,21,2,1.6918e+05,52.938,3195.8,13.286,876.5
1,650,2,63,2,98144,26.028,3770.7,8.3651,1655.6
1,651,1,45,0.4,92123,31.22,2950.7,8.7333,1234.6
1,652,2,63,0.4,1.6529e+05,11.685,14146,16.683,3301.8
1,653,1,48,0.3125,1.7729e+05,60.148,2947.6,8.5208,1284.9
1,654,2,63,0.3125,1.0974e+05,7.8545,13972,16.603,3286.1
1,655,1,45,0.4,98458,38.62,2549.4,8.1778,1156.1
1,656,2,63,0.4,1.7346e+05,13.117,13225,16.159,3198.1
1,657,1,39,0.61538,1.7017e+05,18.798,9052.5,17.026,2086
1,658,2,63,0.61538,96054,28.508,3369.4,7.9365,1570.8
1,659,1,72,0.14286,1.9011e+05,12.681,14992,16.042,3628.5
1,660,2,63,0.14286,1.0506e+05,26.368,3984.3,8.5873,1699.6
1,661,1,126,1,1.8462e+05,23.247,7941.9,8.5714,3392.9
1,662,2,63,1,1.083e+05,12.064,8977.1,12.857,2544.7
1,663,1,24,1.625,77289,58.997,1310,8.0833,609.47
1,664,2,63,1.625,1.7731e+05,20.82,8516.1,12.683,2510.1
1,665,1,111,0.7619,1.0929e+05,15.473,7063.1,8.5856,2993.9
1,666,2,63,0.7619,1.8195e+05,13.339,13641,16.349,3235.8
1,667,1,84,0.33333,1.7907e+05,35.442,5052.5,8.4167,2221.1
1,668,2,63,0.33333,1.0892e+05,8.0006,13614,16.349,3235.8
1,669,1,144,1.2857,2.0083e+05,6.3869,31443,16.438,7436.1
1,670,2,63,1.2857,1.1015e+05,30.635,3595.6,8.2222,1627.3
1,671,1,51,0.23529,1.7601e+05,15.262,11532,16.725,2679.8
1,672,2,63,0.23529,1.007e+05,27.645,3642.7,8.1905,1621.1
1,673,1,45,0.4,98940,35.697,2771.7,8.4667,1196.9
1,674,2,63,0.4,1.8496e+05,21.55,8582.8,12.635,2500.7
1,675,1,90,0.42857,1.8816e+05,14.938,12596,12.778,3612.8
1,676,2,63,0.42857,1.0664e+05,25.56,4172,8.7937,1740.4
1,677,1,33,0.90909,1.7797e+05,26.064,6828.3,15.939,1652.5
1,678,2,63,0.90909,99066,25.943,3818.6,8.4127,1665
1,679,1,78,0.2381,1.0718e+05,6.4824,16534,16.205,3971
1,680,2,63,0.2381,1.8035e+05,43.88,4110,8.7143,1724.7
1,681,1,48,0.3125,94392,29.551,3194.2,8.8125,1328.9
1,682,2,63,0.3125,1.8379e+05,13.428,13687,16.429,3251.5
1,683,1,54,0.16667,1.0273e+05,33.564,3060.7,8.1667,1385.4
1,684,2,63,0.16667,1.7763e+05,21.818,8141.4,12.222,2419
1,685,1,90,0.42857,1.8361e+05,33.95,5408.3,8.4444,2387.6
1,686,2,63,0.42857,1.0835e+05,7.939,13648,16.365,3239
1,687,1,60,0.05,1.058e+05,27.776,3809.2,8.6667,1633.6
1,688,2,63,0.05,1.7895e+05,21.003,8520,12.508,2475.6
1,689,1,15,3.2,1.2854e+05,119.02,1079.9,9.2667,436.68
1,690,2,63,3.2,1.056e+05,7.8177,13508,16.302,3226.4
1,691,1,90,0.42857,1.1463e+05,5.6279,20369,16.778,4743.8
1,692,2,63,0.42857,1.6925e+05,44.783,3779.3,8.3492,1652.5
1,693,1,105,0.66667,1.1635e+05,5.1424,22626,16.324,5384.7
1,694,2,63,0.66667,1.7559e+05,48.172,3645,8.1429,1611.6
1,695,1,48,0.3125,1.6475e+05,15.071,10931,16.833,2538.4
1,696,2,63,0.3125,1.0375e+05,27.91,3717.3,8.3333,1649.3
1,697,1,51,0.23529,1.6781e+05,55.324,3033.2,8.3529,1338.3
1,698,2,63,0.23529,1.1246e+05,13.558,8294.6,12.238,2422.2
1,699,1,54,0.16667,1.7721e+05,47.671,3717.3,9.0556,1536.2
1,700,2,63,0.16667,99559,11.849,8402.2,12.413,2456.7
1,701,1,78,0.2381,1.0074e+05,20.223,4981.8,8.6538,2120.6
1,702,2,63,0.2381,1.7608e+05,19.489,9035.2,12.921,2557.3
1,703,1,24,1.625,1.4178e+05,84.277,1682.3,9,678.58
1,704,2,63,1.625,1.0538e+05,12.572,8382.6,12.333,2441
1,705,1,33,0.90909,93932,18.906,4968.4,13.212,1369.7
1,706,2,63,0.90909,1.7833e+05,48.527,3674.9,8.2063,1624.2
1,707,1,42,0.5,1.6701e+05,18.255,9149.1,16.452,2170.8
1,708,2,63,0.5,1.038e+05,27.811,3732.2,8.3175,1646.2
1,709,1,54,0.16667,1.0854e+05,9.5145,11408,16.13,2736.3
1,710,2,63,0.16667,1.8621e+05,51.687,3602.6,8.1746,1617.9
1,711,1,108,0.71429,1.1442e+05,4.9507,23111,16.259,5516.6
1,712,2,63,0.71429,1.6841e+05,46.283,3638.7,8.2381,1630.5
1,713,1,54,0.16667,1.0099e+05,7.8346,12890,17.296,2934.2
1,714,2,63,0.16667,1.8729e+05,48.087,3894.8,8.4921,1680.8
1,715,1,57,0.10526,1.7741e+05,14.843,11952,16.14,2890.3
1,716,2,63,0.10526,1.0411e+05,24.283,4287.5,8.9048,1762.4
1,717,1,42,0.5,1.0538e+05,17.083,6168.5,13.048,1721.6
1,718,2,63,0.5,1.6324e+05,43.418,3759.7,8.4603,1674.5
1,719,1,132,1.0952,1.0843e+05,13.757,7881.5,8.3561,3465.2
1,720,2,63,1.0952,1.8222e+05,18.472,9864.6,13.619,2695.5
1,721,1,66,0.047619,1.8212e+05,12.999,14010,16.121,3342.7
1,722,2,63,0.047619,98147,29.389,3339.5,7.9048,1564.5
1,723,1,111,0.7619,1.1112e+05,7.6597,14507,12.261,4275.7
1,724,2,63,0.7619,1.6821e+05,46.803,3594,8.1587,1614.8
1,725,1,42,0.5,1.5913e+05,55.968,2843.1,8.9524,1181.2
1,726,2,63,0.5,1.01e+05,11.627,8686.5,12.73,2519.6
1,727,1,78,0.2381,1.8874e+05,11.261,16760,16.346,4005.5
1,728,2,63,0.2381,1.0286e+05,26.41,3894.8,8.5238,1687
1,729,1,78,0.2381,1.8271e+05,10.852,16836,16.359,4008.7
1,730,2,63,0.2381,1.0574e+05,28.137,3758.1,8.3651,1655.6
1,731,1,60,0.05,1.0886e+05,12.636,8615,13.117,2472.4
1,732,2,63,0.05,1.7181e+05,47.156,3643.5,8.3016,1643.1
1,733,1,24,1.625,98469,18.967,5191.5,16.333,1231.5
1,734,2,63,1.625,1.8327e+05,48.643,3767.6,8.3651,1655.6
1,735,1,87,0.38095,1.1e+05,5.4799,20072,16.977,4640.1
1,736,2,63,0.38095,1.6963e+05,45.566,3722.8,8.3175,1646.2
1,737,1,54,0.16667,1.7445e+05,53.991,3231.1,8.3704,1420
1,738,2,63,0.16667,1.0617e+05,7.3808,14385,16.841,3333.2
1,739,1,93,0.47619,1.1395e+05,5.7518,19812,16.226,4740.7
1,740,2,63,0.47619,1.8173e+05,46.83,3880.7,8.4286,1668.2
1,741,1,21,2,89711,17.723,5061.9,17.381,1146.7
1,742,2,63,2,1.6986e+05,45.348,3745.6,8.3968,1661.9
1,743,1,117,0.85714,1.1467e+05,6.7799,16913,13.06,4800.4
1,744,2,63,0.85714,1.7214e+05,40.244,4277.3,8.9206,1765.6
1,745,1,87,0.38095,1.8324e+05,32.938,5563,8.6322,2359.3
1,746,2,63,0.38095,1.1067e+05,8.0485,13751,16.444,3254.7
1,747,1,78,0.2381,1.0426e+05,20.306,5134.1,8.7051,2133.1
1,748,2,63,0.2381,1.7729e+05,19.067,9298.3,13.286,2629.5
1,749,1,66,0.047619,1.045e+05,26.873,3888.5,8.2576,1712.2
1,750,2,63,0.047619,1.7304e+05,18.258,9477.4,13.413,2654.6
1,751,1,108,0.71429,1.1021e+05,7.3775,14939,12.602,4275.7
1,752,2,63,0.71429,1.6922e+05,41.095,4117.8,8.746,1731
1,753,1,78,0.2381,1.8452e+05,15.257,12094,13.551,3320.7
1,754,2,63,0.2381,1.0133e+05,25.772,3931.7,8.5397,1690.2
1,755,1,21,2,71507,53.682,1332,8.4762,559.2
1,756,2,63,2,1.7115e+05,21.437,7983.6,12.206,2415.9
1,757,1,87,0.38095,1.1109e+05,21.016,5285.7,8.4368,2305.9
1,758,2,63,0.38095,1.8119e+05,20.81,8706.9,12.794,2532.1
1,759,1,93,0.47619,1.1296e+05,19.724,5727.1,8.4946,2481.9
1,760,2,63,0.47619,1.7846e+05,19.751,9035.2,13.111,2595
1,761,1,45,0.4,1.0705e+05,36.135,2962.5,8.7556,1237.8
1,762,2,63,0.4,1.6093e+05,19.516,8245.9,12.46,2466.2
1,763,1,54,0.16667,99072,28.912,3426.7,8.5741,1454.6
1,764,2,63,0.16667,1.9436e+05,15.413,12610,15.683,3103.9
1,765,1,48,0.3125,94263,32.194,2928,8.4167,1269.2
1,766,2,63,0.3125,1.7749e+05,12.983,13671,16.381,3242.1
1,767,1,39,0.61538,93740,50.127,1870,7.5641,926.77
1,768,2,63,0.61538,1.7633e+05,21.511,8197.2,12.429,2459.9
1,769,1,108,0.71429,1.9347e+05,8.2003,23593,16.444,5579.5
1,770,2,63,0.71429,99094,27.017,3667.8,8.254,1633.6
1,771,1,78,0.2381,1.0761e+05,9.858,10916,12.756,3125.9
1,772,2,63,0.2381,1.6516e+05,43.52,3795,8.4127,1665
1,773,1,36,0.75,99049,14.011,7069.4,15.528,1756.2
1,774,2,63,0.75,1.686e+05,46.922,3593.2,8.1746,1617.9
1,775,1,21,2,1.359e+05,51.408,2643.7,11.905,785.4
1,776,2,63,2,1.0621e+05,27.441,3870.4,8.4444,1671.3
1,777,1,42,0.5,1.665e+05,69.19,2406.5,8.1429,1074.4
1,778,2,63,0.5,1.1218e+05,8.1772,13719,16.365,3239
1,779,1,30,1.1,96017,51.023,1881.8,8.5333,804.25
1,780,2,63,1.1,1.8144e+05,18.203,9967.5,13.667,2704.9
1,781,1,72,0.14286,1.0984e+05,10.768,10201,12.944,2928
1,782,2,63,0.14286,1.6683e+05,40.17,4153.2,8.7619,1734.2
1,783,1,72,0.14286,1.8438e+05,42.034,4386.4,8.4583,1913.2
1,784,2,63,0.14286,1.0836e+05,7.8392,13822,16.492,3264.1
1,785,1,30,1.1,1.7196e+05,29.688,5792.3,15.367,1448.3
1,786,2,63,1.1,1.0052e+05,25.798,3896.4,8.4921,1680.8
1,787,1,78,0.2381,1.0922e+05,22.451,4864.8,8.5128,2086
1,788,2,63,0.2381,1.8602e+05,19.657,9463.3,13.286,2629.5
1,789,1,48,0.3125,94829,35.222,2692.3,8.125,1225.2
1,790,2,63,0.3125,1.7151e+05,19.279,8896.2,12.778,2529
1,791,1,21,2,1.3911e+05,126.52,1099.6,7.9048,521.5
1,792,2,63,2,1.106e+05,7.8662,14060,16.635,3292.4
1,793,1,78,0.2381,1.9534e+05,11.204,17435,16.603,4068.4
1,794,2,63,0.2381,1.0724e+05,28.776,3726.7,8.3651,1655.6
1,795,1,93,0.47619,1.0907e+05,21.657,5036,8,2337.3
1,796,2,63,0.47619,1.861e+05,13.625,13659,16.397,3245.3
1,797,1,27,1.3333,1.7183e+05,114.19,1504.8,8.1481,691.15
1,798,2,63,1.3333,1.0961e+05,7.4632,14687,17.079,3380.4
1,799,1,96,0.52381,1.1195e+05,19.516,5736.5,8.3125,2507
1,800,2,63,0.52381,1.7919e+05,19.384,9244.1,13.048,2582.4
1,801,1,60,0.05,1.8637e+05,19.492,9561.4,13.733,2588.7
1,802,2,63,0.05,1.0552e+05,28.422,3712.6,8.3333,1649.3
1,803,1,66,0.047619,99409,25.7,3868.1,8.2576,1712.2
1,804,2,63,0.047619,1.7879e+05,21.631,8265.5,12.444,2463
1,805,1,60,0.05,1.8344e+05,14.118,12994,16.4,3091.3
1,806,2,63,0.05,94754,22.858,4145.3,8.7302,1727.9
1,807,1,132,1.0952,1.1187e+05,13.411,8341.7,8.5682,3553.1
1,808,2,63,1.0952,1.8815e+05,14.074,13369,16.159,3198.1
1,809,1,132,1.0952,1.91e+05,24.066,7936.4,8.3712,3471.5
1,810,2,63,1.0952,1.0475e+05,11.832,8853,12.667,2507
1,811,1,24,1.625,1.3885e+05,105.1,1321,8,603.19
1,812,2,63,1.625,1.0813e+05,7.5283,14363,16.825,3330.1
1,813,1,66,0.047619,1.8339e+05,44.783,4095.1,8.4848,1759.3
1,814,2,63,0.047619,1.0646e+05,7.6332,13947,16.603,3286.1
1,815,1,78,0.2381,1.1337e+05,10.401,10900,12.641,3097.6
1,816,2,63,0.2381,1.7683e+05,45.66,3872.8,8.4603,1674.5
1,817,1,30,1.1,90617,47.954,1889.7,8.6,810.53
1,818,2,63,1.1,1.809e+05,21.735,8322.9,12.46,2466.2
1,819,1,48,0.3125,94843,33.048,2869.8,8.3333,1256.6
1,820,2,63,0.3125,1.8503e+05,22.206,8332.3,12.365,2447.3
1,821,1,33,0.90909,1.548e+05,78.242,1978.4,8.3333,863.94
1,822,2,63,0.90909,1.0611e+05,8.0379,13202,16.143,3195
1,823,1,78,0.2381,1.8792e+05,15.765,11920,13.474,3301.8
1,824,2,63,0.2381,1.0691e+05,25.509,4190.9,8.7619,1734.2
1,825,1,27,1.3333,88555,26.028,3402.3,12.074,1024.2
1,826,2,63,1.3333,1.6951e+05,41.95,4040.9,8.619,1705.9
1,827,1,48,0.3125,1.0701e+05,9.72,11010,16.875,2544.7
1,828,2,63,0.3125,1.8141e+05,53.504,3390.6,7.9206,1567.7
1,829,1,27,1.3333,1.379e+05,97.487,1414.5,7.8148,662.88
1,830,2,63,1.3333,1.0865e+05,11.811,9199.4,12.968,2566.7
1,831,1,78,0.2381,1.7071e+05,38.093,4481.5,8.2051,2010.6
1,832,2,63,0.2381,1.0963e+05,13.21,8299.3,12.302,2434.7
1,833,1,39,0.61538,95195,17.098,5567.7,12.949,1586.5
1,834,2,63,0.61538,1.7053e+05,43.056,3960.8,8.5873,1699.6
1,835,1,48,0.3125,1.5445e+05,53.717,2875.3,8.3958,1266.1
1,836,2,63,0.3125,1.0502e+05,7.6474,13733,16.397,3245.3
1,837,1,51,0.23529,97832,33.503,2920.1,8.1961,1313.2
1,838,2,63,0.23529,1.7744e+05,20.004,8870.3,12.794,2532.1
1,839,1,78,0.2381,1.0299e+05,20.156,5109.8,8.7692,2148.8
1,840,2,63,0.2381,1.8806e+05,13.646,13781,16.429,3251.5
1,841,1,54,0.16667,1.7283e+05,52.506,3291.6,8.463,1435.7
1,842,2,63,0.16667,1.1008e+05,8.2036,13419,16.27,3220.1
1,843,1,45,0.4,1.7383e+05,17.805,9762.5,16.4,2318.5
1,844,2,63,0.4,1.0221e+05,26.816,3811.5,8.3968,1661.9
1,845,1,33,0.90909,86456,38.302,2257.2,8.9697,929.91
1,846,2,63,0.90909,1.8184e+05,20.223,8992,13,2573
1,847,1,42,0.5,1.0014e+05,44.072,2272.2,7.881,1039.9
1,848,2,63,0.5,1.8615e+05,21.379,8706.9,12.603,2494.4
1,849,1,54,0.16667,1.0407e+05,13.231,7865.8,13.167,2233.7
1,850,2,63,0.16667,1.6547e+05,45.971,3599.5,8.1746,1617.9
1,851,1,99,0.57143,1.1378e+05,7.7359,14708,13.121,4080.9
1,852,2,63,0.57143,1.759e+05,46.131,3813.1,8.4286,1668.2
1,853,1,54,0.16667,1.7273e+05,53.225,3245.3,8.4074,1426.3
1,854,2,63,0.16667,1.0651e+05,10.976,9704.4,13.397,2651.5
1,855,1,45,0.4,98085,38.462,2550.2,8.1556,1153
1,856,2,63,0.4,1.8205e+05,12.883,14131,16.698,3305
1,857,1,21,2,77053,59.494,1295.1,8.5238,562.35
1,858,2,63,2,1.7539e+05,18.763,9347.8,13.27,2626.4
1,859,1,126,1,1.1792e+05,4.2825,27535,16.452,6512.5
1,860,2,63,1,1.6913e+05,44.62,3790.3,8.2857,1639.9
1,861,1,93,0.47619,1.8448e+05,31.715,5816.7,8.5161,2488.1
1,862,2,63,0.47619,1.0828e+05,7.5041,14429,16.857,3336.4
1,863,1,60,0.05,1.8899e+05,21.451,8810.6,13.2,2488.1
1,864,2,63,0.05,1.0459e+05,31.057,3367.8,7.9365,1570.8
1,865,1,90,0.42857,1.1056e+05,18.848,5866.1,8.7444,2472.4
1,866,2,63,0.42857,1.8404e+05,13.227,13914,16.571,3279.8
1,867,1,108,0.71429,1.9129e+05,13,14714,12.639,4288.3
1,868,2,63,0.71429,1.025e+05,22.996,4457.1,9.0952,1800.1
1,869,1,99,0.57143,1.7814e+05,29.131,6115.1,8.4646,2632.7
1,870,2,63,0.57143,1.1118e+05,12.497,8896.2,12.841,2541.5
1,871,1,66,0.047619,1.7392e+05,43.446,4003.2,8.4091,1743.6
1,872,2,63,0.047619,1.0523e+05,7.8236,13450,16.238,3213.8
1,873,1,24,1.625,1.4162e+05,84.183,1682.3,9,678.58
1,874,2,63,1.625,1.0734e+05,10.715,10018,13.508,2673.5
1,875,1,48,0.3125,1.0646e+05,9.9435,10707,16.667,2513.3
1,876,2,63,0.3125,1.8193e+05,43.071,4223.9,8.8571,1753
1,877,1,72,0.14286,1.8096e+05,43.076,4201.1,8.3194,1881.8
1,878,2,63,0.14286,1.1118e+05,7.534,14758,17.048,3374.1
1,879,1,78,0.2381,1.756e+05,36.719,4782.3,8.4744,2076.6
1,880,2,63,0.2381,1.1339e+05,8.6776,13067,16.032,3173
1,881,1,45,0.4,1.6339e+05,26.086,6263.6,12.867,1819
1,882,2,63,0.4,1.0312e+05,26.15,3943.5,8.5556,1693.3
1,883,1,45,0.4,1.5008e+05,52.396,2864.3,8.6444,1222.1
1,884,2,63,0.4,1.0627e+05,7.6873,13825,16.508,3267.3
1,885,1,54,0.16667,1.0367e+05,32.344,3205.2,8.3519,1416.9
1,886,2,63,0.16667,1.8614e+05,13.871,13419,16.254,3217
1,887,1,48,0.3125,1.7729e+05,15.94,11123,16.958,2557.3
1,888,2,63,0.3125,1.0673e+05,27.119,3935.6,8.4603,1674.5
1,889,1,84,0.33333,1.0775e+05,21.87,4926.8,8.2738,2183.4
1,890,2,63,0.33333,1.9104e+05,20.01,9547.3,13.429,2657.8
1,891,1,39,0.61538,1.8036e+05,30.746,5866.1,13.051,1599.1
1,892,2,63,0.61538,1.032e+05,27.143,3802.1,8.4286,1668.2
1,893,1,57,0.10526,98793,29.185,3385.1,8.3158,1489.1
1,894,2,63,0.10526,1.9207e+05,13.536,14189,16.73,3311.2
1,895,1,105,0.66667,2.0165e+05,8.5779,23509,16.629,5485.2
1,896,2,63,0.66667,1.0421e+05,26.866,3879.1,8.5238,1687
1,897,1,24,1.625,85375,25.134,3396.8,12.875,970.75
1,898,2,63,1.625,1.6645e+05,39.688,4194,8.7619,1734.2
1,899,1,132,1.0952,1.955e+05,7.099,27538,16.038,6650.8
1,900,2,63,1.0952,1.0066e+05,25.576,3935.6,8.5556,1693.3
1,901,1,21,2,1.4187e+05,105.64,1343,8.6667,571.77
1,902,2,63,2,1.022e+05,7.9766,12813,15.81,3129
1,903,1,33,0.90909,1.7367e+05,35.244,4927.6,13.394,1388.6
1,904,2,63,0.90909,98707,26.342,3747.1,8.3016,1643.1
1,905,1,60,0.05,1.821e+05,48.781,3733,8.6167,1624.2
1,906,2,63,0.05,1.0416e+05,7.63,13651,16.397,3245.3
1,907,1,144,1.2857,1.9508e+05,10.225,19080,12.396,5607.7
1,908,2,63,1.2857,1.0493e+05,25.318,4144.5,8.746,1731
1,909,1,39,0.61538,1.0069e+05,41.759,2411.2,8.5128,1043
1,910,2,63,0.61538,1.8426e+05,13.206,13953,16.556,3276.7
1,911,1,21,2,1.2995e+05,87.727,1481.3,9.0476,596.9
1,912,2,63,2,1.0682e+05,11.909,8969.2,12.857,2544.7
1,913,1,117,0.85714,1.8639e+05,26.569,7015.2,8.359,3072.5
1,914,2,63,0.85714,1.0699e+05,8.148,13130,16,3166.7
1,915,1,78,0.2381,1.7503e+05,41.322,4235.7,7.9872,1957.2
1,916,2,63,0.2381,1.0582e+05,11.198,9449.9,13.111,2595
1,917,1,42,0.5,1.0234e+05,11.099,9220.6,16.429,2167.7
1,918,2,63,0.5,1.7505e+05,47.3,3700.8,8.254,1633.6
1,919,1,42,0.5,1.6838e+05,26.652,6317.7,13.333,1759.3
1,920,2,63,0.5,93514,25.655,3645,8.2698,1636.8
1,921,1,45,0.4,1.027e+05,11.377,9027.4,15.733,2224.2
1,922,2,63,0.4,1.7522e+05,53.232,3291.6,7.8254,1548.8
1,923,1,33,0.90909,1.4383e+05,69.002,2084.4,8.6667,898.5
1,924,2,63,0.90909,93228,10.596,8798,12.921,2557.3
1,925,1,48,0.3125,1.0667e+05,14.877,7170.7,13.292,2004.3
1,926,2,63,0.3125,1.7278e+05,49.469,3492.7,8.1111,1605.4
1,927,1,48,0.3125,1.718e+05,31.168,5511.9,11.458,1727.9
1,928,2,63,0.3125,98171,26.714,3674.9,8.3016,1643.1
1,929,1,21,2,80890,28.841,2804.7,12.333,813.67
1,930,2,63,2,1.7735e+05,42.808,4143,8.746,1731
1,931,1,27,1.3333,1.1243e+05,21.161,5313.2,15.519,1316.3
1,932,2,63,1.3333,98985,25.343,3905.8,8.5238,1687
1,933,1,51,0.23529,1.6841e+05,21.945,7674.1,13.235,2120.6
1,934,2,63,0.23529,1.0427e+05,24.458,4263.1,8.8889,1759.3
1,935,1,96,0.52381,1.9621e+05,9.5906,20459,16.24,4897.7
1,936,2,63,0.52381,1.0927e+05,27.43,3983.5,8.5714,1696.5
1,937,1,51,0.23529,1.7269e+05,55.372,3118.8,8.3725,1341.5
1,938,2,63,0.23529,1.0807e+05,8.1951,13188,16.079,3182.4
1,939,1,33,0.90909,1.6661e+05,33.834,4924.4,13.212,1369.7
1,940,2,63,0.90909,1.0401e+05,23.677,4392.7,9,1781.3
1,941,1,21,2,80369,56.755,1416.1,9,593.76
1,942,2,63,2,1.9018e+05,15.267,12456,15.651,3097.6
1,943,1,21,2,1.0163e+05,19.55,5198.6,17.571,1159.2
1,944,2,63,2,1.7748e+05,46.825,3790.3,8.4127,1665
1,945,1,24,1.625,1.545e+05,84.21,1834.7,9.5,716.28
1,946,2,63,1.625,1.0747e+05,7.7014,13954,16.556,3276.7
1,947,1,105,0.66667,1.8814e+05,29.364,6407.3,8.4571,2789.7
1,948,2,63,0.66667,1.1394e+05,8.845,12881,15.921,3151
1,949,1,72,0.14286,1.0491e+05,6.9904,15007,16.028,3625.4
1,950,2,63,0.14286,1.7726e+05,50.413,3516.2,8.1111,1605.4
1,951,1,78,0.2381,1.1341e+05,6.4128,17686,16.795,4115.5
1,952,2,63,0.2381,1.8563e+05,45.235,4103.7,8.7143,1724.7
1,953,1,39,0.61538,1.0306e+05,11.482,8975.5,16.974,2079.7
1,954,2,63,0.61538,1.7712e+05,48.373,3661.5,8.1587,1614.8
1,955,1,120,0.90476,1.1676e+05,4.558,25617,16.283,6138.7
1,956,2,63,0.90476,1.6325e+05,44.951,3631.7,8.1905,1621.1
1,957,1,90,0.42857,1.8326e+05,37.34,4908,8.0111,2265.1
1,958,2,63,0.42857,1.1098e+05,7.9534,13953,16.571,3279.8
1,959,1,33,0.90909,1.5604e+05,83.126,1877.1,8.1818,848.23
1,960,2,63,0.90909,1.0819e+05,7.8725,13743,16.444,3254.7
1,961,1,93,0.47619,1.1388e+05,8.4321,13506,13.054,3813.9
1,962,2,63,0.47619,1.7044e+05,44.653,3817,8.381,1658.8
1,963,1,120,0.90476,1.8972e+05,25.791,7356,8.4333,3179.3
1,964,2,63,0.90476,1.0703e+05,12.143,8813.7,12.825,2538.4
1,965,1,48,0.3125,1.0549e+05,9.8992,10656,16.542,2494.4
1,966,2,63,0.3125,1.8138e+05,52.786,3436.1,8.0159,1586.5
1,967,1,120,0.90476,1.0865e+05,15.006,7240.6,8.3917,3163.6
1,968,2,63,0.90476,1.8225e+05,17.416,10465,14.095,2789.7
1,969,1,60,0.05,1.6848e+05,44.129,3817.8,8.6167,1624.2
1,970,2,63,0.05,98594,7.7337,12749,15.778,3122.7
1,971,1,51,0.23529,1.1121e+05,10.454,10638,16.098,2579.2
1,972,2,63,0.23529,1.7575e+05,45.677,3847.7,8.4921,1680.8
1,973,1,24,1.625,1.4317e+05,29.133,4914.2,15.875,1196.9
1,974,2,63,1.625,1.0476e+05,29.419,3561,8.1587,1614.8
1,975,1,96,0.52381,1.8723e+05,31.425,5958,8.4792,2557.3
1,976,2,63,0.52381,1.1236e+05,13.606,8257.7,12.381,2450.4
1,977,1,60,0.05,1.0786e+05,26.864,4015,8.8667,1671.3
1,978,2,63,0.05,1.7382e+05,18.859,9216.6,12.968,2566.7
1,979,1,21,2,64311,13.446,4783.1,16.857,1112.1
1,980,2,63,2,1.6909e+05,45.914,3682.7,8.3016,1643.1
1,981,1,87,0.38095,1.8905e+05,37.551,5034.4,8.2069,2243.1
1,982,2,63,0.38095,1.0768e+05,13.035,8260.8,12.254,2425.3
1,983,1,60,0.05,1.8376e+05,18.98,9681.6,13.683,2579.2
1,984,2,63,0.05,1.0388e+05,26.283,3952.1,8.5397,1690.2
1,985,1,57,0.10526,1.056e+05,31.087,3396.8,8.3684,1498.5
1,986,2,63,0.10526,1.9304e+05,20.093,9607,13.524,2676.6
1,987,1,87,0.38095,1.0746e+05,20.427,5260.6,8.4138,2299.6
1,988,2,63,0.38095,1.8566e+05,12.914,14376,16.857,3336.4
1,989,1,57,0.10526,1.9283e+05,22.261,8662.2,13.316,2384.5
1,990,2,63,0.10526,1.0159e+05,26.35,3855.5,8.4603,1674.5
1,991,1,126,1,1.9589e+05,7.4242,26385,16.063,6358.6
1,992,2,63,1,1.0274e+05,24.553,4184.6,8.8571,1753
1,993,1,120,0.90476,1.9865e+05,7.5238,26404,16.517,6226.6
1,994,2,63,0.90476,1.0281e+05,27.761,3703.2,8.3016,1643.1
1,995,1,48,0.3125,1.7396e+05,58.09,2994.7,8.5208,1284.9
1,996,2,63,0.3125,1.1313e+05,8.1937,13807,16.524,3270.4
1,997,1,90,0.42857,1.8956e+05,9.4861,19983,16.567,4684.1
1,998,2,63,0.42857,1.0743e+05,27.628,3888.5,8.4603,1674.5
1,999,1,78,0.2381,1.1313e+05,6.7725,16705,16.295,3993
1,1000,2,63,0.2381,1.7225e+05,42.826,4022,8.5873,1699.6
1,1001,1,66,0.047619,1.8351e+05,52.097,3522.5,7.8939,1636.8
1,1002,2,63,0.047619,1.0765e+05,12.068,8920.6,12.889,2551
1,1003,1,33,0.90909,96593,42.837,2254.9,8.9394,926.77
1,1004,2,63,0.90909,1.7114e+05,19.059,8979.5,12.968,2566.7
1,1005,1,54,0.16667,98786,27.833,3549.2,8.7963,1492.3
1,1006,2,63,0.16667,1.8586e+05,23.34,7963.2,12.079,2390.8
1,1007,1,15,3.2,67042,74.943,894.57,8.3333,392.7
1,1008,2,63,3.2,1.8452e+05,21.808,8461.1,12.46,2466.2
1,1009,1,96,0.52381,1.1425e+05,8.3987,13604,12.885,3886.2
1,1010,2,63,0.52381,1.8531e+05,47.831,3874.4,8.4603,1674.5
1,1011,1,48,0.3125,1.6195e+05,58.813,2753.6,8.2083,1237.8
1,1012,2,63,0.3125,1.0979e+05,8.4816,12944,15.921,3151
1,1013,1,78,0.2381,1.7593e+05,34.178,5147.5,8.7949,2155.1
1,1014,2,63,0.2381,1.0094e+05,10.069,10025,13.651,2701.8
1,1015,1,90,0.42857,1.1233e+05,19.724,5694.9,8.5444,2415.9
1,1016,2,63,0.42857,1.8804e+05,18.01,10441,14.063,2783.5
1,1017,1,48,0.3125,1.7257e+05,24.411,7069.4,13.146,1982.3
1,1018,2,63,0.3125,1.0094e+05,26.86,3758.1,8.3651,1655.6
1,1019,1,48,0.3125,1.6525e+05,24.551,6730.9,12.75,1922.7
1,1020,2,63,0.3125,1.0234e+05,27.961,3660,8.2857,1639.9
1,1021,1,27,1.3333,84501,13.687,6174,16.852,1429.4
1,1022,2,63,1.3333,1.7953e+05,43.867,4092.7,8.7143,1724.7
1,1023,1,54,0.16667,1.1065e+05,9.7306,11372,16.13,2736.3
1,1024,2,63,0.16667,1.6736e+05,44.347,3773.8,8.3968,1661.9
