1,1,1,51,0.21569,1.0236e+05,33.731,3034.8,8.3137,1332
1,2,2,62,0.21569,1.7163e+05,12.595,13627,16.516,3217
1,3,1,78,0.25806,1.0349e+05,21.601,4790.9,8.4872,2079.7
1,4,2,62,0.25806,1.799e+05,13.286,13540,16.452,3204.4
1,5,1,33,0.87879,1.6019e+05,31.66,5059.5,13.333,1382.3
1,6,2,62,0.87879,98260,26.272,3740.1,8.3871,1633.6
1,7,1,99,0.59677,1.781e+05,30.665,5808,8.3131,2585.5
1,8,2,62,0.59677,1.097e+05,7.7922,14078,16.79,3270.4
1,9,1,51,0.21569,1.6613e+05,14.501,11457,16.725,2679.8
1,10,2,62,0.21569,1.0043e+05,24.108,4165.8,8.8387,1721.6
1,11,1,33,0.87879,93474,12.84,7279.9,16.515,1712.2
1,12,2,62,0.87879,1.7587e+05,50.262,3498.9,8.1452,1586.5
1,13,1,48,0.29167,1.0171e+05,15.082,6744.2,12.896,1944.6
1,14,2,62,0.29167,1.7152e+05,44.513,3853.2,8.4839,1652.5
1,15,1,33,0.87879,1.5775e+05,30.355,5197,13.606,1410.6
1,16,2,62,0.87879,1.0695e+05,28.943,3695.3,8.3387,1624.2
1,17,1,27,1.2963,81335,42.935,1894.4,9.037,766.55
1,18,2,62,1.2963,1.7718e+05,13.36,13262,16.29,3173
1,19,1,27,1.2963,80052,13.892,5762.5,16.259,1379.2
1,20,2,62,1.2963,1.7647e+05,43.036,4100.6,8.8226,1718.5
1,21,1,144,1.3226,2.0062e+05,6.2031,32341,16.681,7546.1
1,22,2,62,1.3226,1.0471e+05,25.009,4187,8.8548,1724.7
1,23,1,21,1.9524,82483,63.61,1296.7,8.5238,562.35
1,24,2,62,1.9524,1.8805e+05,14.459,13005,16.113,3138.5
1,25,1,48,0.29167,1.6459e+05,66.72,2466.9,7.6875,1159.2
1,26,2,62,0.29167,97709,6.9868,13985,16.774,3267.3
1,27,1,72,0.16129,1.851e+05,16.654,11114,13.403,3031.6
1,28,2,62,0.16129,1.0129e+05,24.401,4150.8,8.8548,1724.7
1,29,1,54,0.14815,1.0417e+05,14.734,7070.2,12.37,2098.6
1,30,2,62,0.14815,1.818e+05,44.877,4051.1,8.7419,1702.7
1,31,1,81,0.30645,1.8474e+05,39.487,4678.6,8.2099,2089.2
1,32,2,62,0.30645,1.0347e+05,7.7262,13392,16.371,3188.7
1,33,1,21,1.9524,96874,22.422,4320.5,15.857,1046.2
1,34,2,62,1.9524,1.7017e+05,48.548,3505.2,8.1452,1586.5
1,35,1,42,0.47619,1.4899e+05,57.961,2570.6,8.5,1121.5
1,36,2,62,0.47619,1.0922e+05,7.8656,13886,16.677,3248.4
1,37,1,51,0.21569,1.7223e+05,58.029,2968,8.2549,1322.6
1,38,2,62,0.21569,1.1138e+05,12.085,9215.9,13.258,2582.4
1,39,1,42,0.47619,1.6508e+05,55.239,2988.4,9.119,1203.2
1,40,2,62,0.47619,1.0722e+05,13.216,8113.2,12.484,2431.6
1,41,1,78,0.25806,1.0851e+05,9.0999,11924,13.462,3298.7
1,42,2,62,0.25806,1.7562e+05,47.355,3708.7,8.3226,1621.1
1,43,1,48,0.29167,1.0632e+05,14.057,7563.4,13.625,2054.6
1,44,2,62,0.29167,1.7315e+05,46.778,3701.6,8.3065,1617.9
1,45,1,45,0.37778,1.0287e+05,34.705,2964.1,8.7556,1237.8
1,46,2,62,0.37778,1.8726e+05,13.523,13847,16.661,3245.3
1,47,1,21,1.9524,1.368e+05,41.69,3281.4,13.524,892.21
1,48,2,62,1.9524,1.1002e+05,31.7,3470.7,8.1452,1586.5
1,49,1,54,0.14815,1.6721e+05,51.637,3238.2,8.3519,1416.9
1,50,2,62,0.14815,1.1211e+05,8.1804,13704,16.5,3213.8
1,51,1,60,0.033333,1.8573e+05,19.718,9419.3,13.383,2522.7
1,52,2,62,0.033333,95927,24.085,3982.8,8.629,1680.8
1,53,1,72,0.16129,1.7017e+05,35.144,4842,8.9028,2013.8
1,54,2,62,0.16129,1.1101e+05,13.61,8156.4,12.274,2390.8
1,55,1,30,1.0667,1.6693e+05,98.993,1686.2,8.1667,769.69
1,56,2,62,1.0667,1.0829e+05,8.0915,13383,16.387,3191.9
1,57,1,48,0.29167,1.0505e+05,9.4583,11107,16.917,2551
1,58,2,62,0.29167,1.7073e+05,47.881,3565.7,8.2258,1602.2
1,59,1,81,0.30645,1.8958e+05,10.397,18235,16.728,4256.9
1,60,2,62,0.30645,96122,27.38,3510.7,8.1613,1589.6
1,61,1,39,0.58974,1.0955e+05,13.858,7905,15.821,1938.4
1,62,2,62,0.58974,1.6594e+05,43.145,3846.1,8.5968,1674.5
1,63,1,78,0.25806,1.0289e+05,5.994,17165,16.5,4043.2
1,64,2,62,0.25806,1.7468e+05,51.011,3424.3,8.0323,1564.5
1,65,1,27,1.2963,1.5591e+05,88.94,1753,8.7407,741.42
1,66,2,62,1.2963,1.0253e+05,10.999,9321.9,13.339,2598.1
1,67,1,78,0.25806,1.0744e+05,22.01,4881.2,8.5513,2095.4
1,68,2,62,0.25806,1.852e+05,20.644,8970.8,12.968,2525.8
1,69,1,126,1.0323,1.9069e+05,24.694,7722,8.4603,3348.9
1,70,2,62,1.0323,1.0869e+05,8.2533,13169,16.177,3151
1,71,1,33,0.87879,98659,21.19,4655.8,12.788,1325.8
1,72,2,62,0.87879,1.8198e+05,45.71,3981.2,8.6613,1687
1,73,1,48,0.29167,1.0023e+05,33.046,3033.2,8.5833,1294.3
1,74,2,62,0.29167,1.8619e+05,14.504,12837,15.984,3113.3
1,75,1,78,0.25806,1.6516e+05,33.874,4875.8,8.5641,2098.6
1,76,2,62,0.25806,1.1005e+05,8.0381,13691,16.548,3223.3
1,77,1,51,0.21569,1.0115e+05,14.09,7179.3,12.765,2045.2
1,78,2,62,0.21569,1.8095e+05,46.734,3872,8.5806,1671.3
1,79,1,120,0.93548,1.9488e+05,7.3855,26387,16.492,6217.2
1,80,2,62,0.93548,1.0186e+05,25.711,3961.5,8.6452,1683.9
1,81,1,63,0.016129,1.8466e+05,13.648,13530,16.333,3232.7
1,82,2,62,0.016129,1.0222e+05,28.202,3624.6,8.3387,1624.2
1,83,1,120,0.93548,1.1658e+05,4.4727,26065,16.392,6179.5
1,84,2,62,0.93548,1.7947e+05,46.71,3842.2,8.4839,1652.5
1,85,1,54,0.14815,1.6429e+05,56.065,2930.3,7.9074,1341.5
1,86,2,62,0.14815,1.0915e+05,7.7671,14053,16.79,3270.4
1,87,1,21,1.9524,1.2653e+05,106.97,1182.8,8.0952,534.07
1,88,2,62,1.9524,1.054e+05,8.263,12756,15.952,3107
1,89,1,51,0.21569,1.7359e+05,57.348,3026.9,8.3137,1332
1,90,2,62,0.21569,1.0693e+05,7.6228,14027,16.774,3267.3
1,91,1,117,0.8871,1.1738e+05,4.6321,25341,16.385,6022.4
1,92,2,62,0.8871,1.7883e+05,47.142,3793.5,8.5161,1658.8
1,93,1,51,0.21569,1.0679e+05,13.977,7640.4,13.373,2142.6
1,94,2,62,0.21569,1.6906e+05,44.855,3769.1,8.4032,1636.8
1,95,1,45,0.37778,1.7649e+05,18.49,9544.9,16.2,2290.2
1,96,2,62,0.37778,99772,24.816,4020.5,8.6935,1693.3
1,97,1,30,1.0667,1.676e+05,26.627,6294.2,16.067,1514.2
1,98,2,62,1.0667,1.0584e+05,24.315,4352.7,9.0323,1759.3
1,99,1,120,0.93548,1.8575e+05,24.147,7692.2,8.6167,3248.4
1,100,2,62,0.93548,1.0587e+05,8.2077,12899,16.032,3122.7
1,101,1,81,0.30645,1.0482e+05,20.291,5165.6,8.6543,2202.3
1,102,2,62,0.30645,1.7118e+05,17.544,9757,13.532,2635.8
1,103,1,120,0.93548,1.9168e+05,26.203,7315.2,8.4333,3179.3
1,104,2,62,0.93548,1.0129e+05,11.513,8798,12.871,2507
1,105,1,30,1.0667,88720,52.885,1677.6,8.1333,766.55
1,106,2,62,1.0667,1.7843e+05,18.717,9533.2,13.516,2632.7
1,107,1,84,0.35484,1.0616e+05,21.943,4838.1,8.2143,2167.7
1,108,2,62,0.35484,1.7378e+05,20.216,8596.2,12.79,2491.3
1,109,1,144,1.3226,1.9023e+05,21.644,8789.4,8.4236,3810.8
1,110,2,62,1.3226,1.0134e+05,7.491,13528,16.419,3198.1
1,111,1,42,0.47619,1.7133e+05,60.763,2819.6,8.9048,1175
1,112,2,62,0.47619,1.0513e+05,12.871,8168.1,12.452,2425.3
1,113,1,42,0.47619,1.056e+05,15.335,6886.4,13.905,1834.7
1,114,2,62,0.47619,1.7769e+05,47.39,3749.5,8.4194,1639.9
1,115,1,57,0.087719,1.0431e+05,30.916,3374.1,8.2807,1482.8
1,116,2,62,0.087719,1.911e+05,14.042,13609,16.484,3210.7
1,117,1,45,0.37778,1.7302e+05,27.397,6315.4,12.6,1781.3
1,118,2,62,0.37778,1.0174e+05,25.434,4000,8.6613,1687
1,119,1,96,0.54839,1.9288e+05,9.2239,20911,16.427,4954.3
1,120,2,62,0.54839,1.0445e+05,27.857,3749.5,8.4839,1652.5
1,121,1,66,0.064516,1.7606e+05,45.022,3910.5,8.2879,1718.5
1,122,2,62,0.064516,1.0656e+05,7.6187,13986,16.71,3254.7
1,123,1,72,0.16129,1.7884e+05,38.103,4693.5,8.6944,1966.6
1,124,2,62,0.16129,1.0329e+05,11.816,8741.5,12.71,2475.6
1,125,1,30,1.0667,83097,19.688,4220.7,12.667,1193.8
1,126,2,62,1.0667,1.8047e+05,49.448,3649.7,8.2742,1611.6
1,127,1,30,1.0667,98628,13.416,7351.3,17.533,1652.5
1,128,2,62,1.0667,1.7142e+05,45.747,3747.1,8.4677,1649.3
1,129,1,78,0.25806,1.875e+05,39.809,4710,8.3974,2057.7
1,130,2,62,0.25806,99951,13.365,7478.6,11.871,2312.2
1,131,1,66,0.064516,1.0235e+05,24.146,4238.8,8.6818,1800.1
1,132,2,62,0.064516,1.8337e+05,22.27,8234.1,12.419,2419
1,133,1,126,1.0323,1.1702e+05,4.2206,27726,16.54,6547.1
1,134,2,62,1.0323,1.8281e+05,48.818,3744.8,8.3871,1633.6
1,135,1,48,0.29167,97839,34.623,2825.9,8.25,1244.1
1,136,2,62,0.29167,1.8377e+05,19.623,9365.1,13.355,2601.2
1,137,1,78,0.25806,1.0271e+05,10.61,9680,12.038,2950
1,138,2,62,0.25806,1.7591e+05,44.369,3964.7,8.7097,1696.5
1,139,1,24,1.5833,79891,28.824,2771.7,11.542,870.22
1,140,2,62,1.5833,1.5812e+05,38.289,4129.6,8.8387,1721.6
1,141,1,54,0.14815,1.0426e+05,31.85,3273.5,8.4074,1426.3
1,142,2,62,0.14815,1.7719e+05,13.575,13053,16.145,3144.7
1,143,1,33,0.87879,1.5514e+05,63.658,2437.1,9.303,964.47
1,144,2,62,0.87879,1.0763e+05,7.9038,13618,16.468,3207.6
1,145,1,27,1.2963,1.5179e+05,97.46,1557.4,8.1111,688.01
1,146,2,62,1.2963,1.0361e+05,7.671,13506,16.435,3201.3
1,147,1,66,0.064516,1.9041e+05,19.889,9573.2,13.015,2698.6
1,148,2,62,0.064516,99833,28.674,3481.7,8.0806,1573.9
1,149,1,33,0.87879,1.4271e+05,79.382,1797.8,7.9091,819.96
1,150,2,62,0.87879,1.0424e+05,7.8741,13239,16.226,3160.4
1,151,1,54,0.14815,1.5976e+05,53.292,2997.9,8.0556,1366.6
1,152,2,62,0.14815,1.0942e+05,12.717,8604,12.629,2459.9
1,153,1,144,1.3226,1.1646e+05,5.7837,20136,12.778,5780.5
1,154,2,62,1.3226,1.6896e+05,43.181,3912.9,8.5484,1665
1,155,1,39,0.58974,1.7502e+05,19.689,8889.1,16.872,2067.2
1,156,2,62,0.58974,98197,27.448,3577.5,8.2097,1599.1
1,157,1,78,0.25806,1.9511e+05,12.055,16185,16,3920.7
1,158,2,62,0.25806,1.0529e+05,26.822,3925.4,8.6129,1677.6
1,159,1,33,0.87879,98426,50.902,1933.7,8.303,860.8
1,160,2,62,0.87879,1.8375e+05,22.651,8112.4,12.306,2397
1,161,1,36,0.72222,96209,47.907,2008.3,8.0278,907.92
1,162,2,62,0.72222,1.7579e+05,14.275,12314,15.661,3050.5
1,163,1,132,1.129,1.9667e+05,10.39,18930,13.03,5403.5
1,164,2,62,1.129,1.0496e+05,27.47,3821,8.4677,1649.3
1,165,1,30,1.0667,78293,43.799,1787.6,8.2,772.83
1,166,2,62,1.0667,1.7751e+05,12.955,13702,16.516,3217
1,167,1,48,0.29167,1.7015e+05,54.75,3107.8,8.7708,1322.6
1,168,2,62,0.29167,1.0992e+05,11.871,9259.1,13.145,2560.4
1,169,1,120,0.93548,1.1222e+05,6.778,16557,12.658,4772.1
1,170,2,62,0.93548,1.8129e+05,45.972,3943.5,8.6935,1693.3
1,171,1,126,1.0323,1.9668e+05,7.2903,26978,16.27,6440.3
1,172,2,62,1.0323,1.0347e+05,25.979,3982.8,8.6935,1693.3
1,173,1,72,0.16129,1.0625e+05,10.24,10375,13,2940.5
1,174,2,62,0.16129,1.7229e+05,43.241,3984.3,8.5968,1674.5
1,175,1,96,0.54839,1.0653e+05,17.875,5959.6,8.5,2563.5
1,176,2,62,0.54839,1.7855e+05,17.841,10008,13.935,2714.3
1,177,1,90,0.45161,1.8902e+05,14.44,13090,13.078,3697.7
1,178,2,62,0.45161,1.0509e+05,28.572,3678,8.3387,1624.2
1,179,1,39,0.58974,99719,38.301,2603.6,8.7949,1077.6
1,180,2,62,0.58974,1.7648e+05,20.242,8718.7,12.887,2510.1
1,181,1,21,1.9524,87043,74.782,1164,8.0952,534.07
1,182,2,62,1.9524,1.7976e+05,18.61,9659.6,13.565,2642.1
1,183,1,48,0.29167,1.6937e+05,60.936,2779.5,8.1875,1234.6
1,184,2,62,0.29167,1.0702e+05,8.4454,12672,15.903,3097.6
1,185,1,36,0.72222,1.4849e+05,19.539,7599.5,16.167,1828.4
1,186,2,62,0.72222,1.0405e+05,30.427,3419.6,8,1558.2
1,187,1,39,0.58974,1.7307e+05,20.577,8410.8,16.333,2001.2
1,188,2,62,0.58974,93219,23.494,3967.8,8.6774,1690.2
1,189,1,15,3.1333,79091,22.923,3450.3,16.867,794.82
1,190,2,62,3.1333,1.7541e+05,41.429,4234.1,8.9194,1737.3
1,191,1,27,1.2963,84715,48.763,1737.3,8.5926,728.85
1,192,2,62,1.2963,1.8354e+05,22.257,8246.7,12.419,2419
1,193,1,84,0.35484,1.1234e+05,8.8717,12662,13.262,3499.7
1,194,2,62,0.35484,1.626e+05,44.561,3649,8.1935,1595.9
1,195,1,132,1.129,1.902e+05,23.597,8060.5,8.4318,3496.6
1,196,2,62,1.129,1.0682e+05,11.134,9594.4,13.581,2645.2
1,197,1,54,0.14815,1.0729e+05,31.382,3418.8,8.537,1448.3
1,198,2,62,0.14815,1.7004e+05,20.942,8119.4,12.258,2387.6
1,199,1,75,0.20968,1.0647e+05,23.067,4615.8,8.3867,1976.1
1,200,2,62,0.20968,1.6938e+05,21.344,7935.7,12.032,2343.6
1,201,1,78,0.25806,1.087e+05,21.851,4974.7,8.6667,2123.7
1,202,2,62,0.25806,1.7823e+05,13.515,13188,16.177,3151
1,203,1,33,0.87879,1.551e+05,20.985,7391.4,16.636,1724.7
1,204,2,62,0.87879,1.0667e+05,26.26,4062.1,8.7419,1702.7
1,205,1,78,0.25806,1.8787e+05,38.794,4842.8,8.5385,2092.3
1,206,2,62,0.25806,97163,12.504,7770.7,12,2337.3
1,207,1,84,0.35484,1.7687e+05,33.967,5207.2,8.5476,2255.7
1,208,2,62,0.35484,1.1316e+05,13.152,8604,12.661,2466.2
1,209,1,45,0.37778,90929,34.757,2616.2,8.2,1159.2
1,210,2,62,0.37778,1.6446e+05,19.296,8523.1,12.613,2456.7
1,211,1,39,0.58974,1.6799e+05,31.715,5296.7,12.667,1551.9
1,212,2,62,0.58974,1.0772e+05,27.105,3974.1,8.7097,1696.5
1,213,1,117,0.8871,1.1266e+05,15.785,7136.9,8.4017,3088.2
1,214,2,62,0.8871,1.766e+05,18.282,9659.6,13.435,2616.9
1,215,1,24,1.5833,89753,56.629,1584.9,8.75,659.73
1,216,2,62,1.5833,1.8538e+05,21.771,8515.3,12.742,2481.9
1,217,1,78,0.25806,1.8531e+05,37.286,4970,8.6923,2130
1,218,2,62,0.25806,1.0823e+05,8.2817,13068,16.113,3138.5
1,219,1,57,0.087719,1.1057e+05,8.7707,12606,16.579,2968.8
1,220,2,62,0.087719,1.6934e+05,43.199,3919.9,8.5968,1674.5
1,221,1,84,0.35484,1.837e+05,35.443,5182.8,8.4643,2233.7
1,222,2,62,0.35484,1.1282e+05,8.1146,13903,16.71,3254.7
1,223,1,108,0.74194,1.9036e+05,28.575,6661.7,8.5,2884
1,224,2,62,0.74194,1.0662e+05,11.463,9301.5,13.242,2579.2
1,225,1,72,0.16129,1.8617e+05,17.437,10677,13.167,2978.2
1,226,2,62,0.16129,1.0169e+05,26.602,3822.5,8.5,1655.6
1,227,1,57,0.087719,1.6454e+05,42.035,3914.4,8.9123,1595.9
1,228,2,62,0.087719,1.0367e+05,7.7125,13441,16.387,3191.9
1,229,1,99,0.59677,1.9775e+05,9.768,20245,15.889,4941.7
1,230,2,62,0.59677,1.0458e+05,26.573,3935.6,8.629,1680.8
1,231,1,33,0.87879,1.5731e+05,41.893,3755,11.364,1178.1
1,232,2,62,0.87879,1.0498e+05,27.052,3880.7,8.5645,1668.2
1,233,1,126,1.0323,1.9445e+05,11.144,17448,12.635,5001.4
1,234,2,62,1.0323,1.0475e+05,29.177,3590.1,8.2742,1611.6
1,235,1,78,0.25806,1.8371e+05,37.898,4847.5,8.4872,2079.7
1,236,2,62,0.25806,1.1091e+05,8.0095,13847,16.629,3239
1,237,1,96,0.54839,1.1459e+05,8.4715,13526,12.958,3908.1
1,238,2,62,0.54839,1.6389e+05,39.203,4180.7,8.8871,1731
1,239,1,39,0.58974,94890,37.791,2510.9,8.6923,1065
1,240,2,62,0.58974,1.8401e+05,13.891,13247,16.258,3166.7
1,241,1,66,0.064516,1.8165e+05,12.501,14531,16.515,3424.3
1,242,2,62,0.064516,1.0131e+05,26.707,3793.5,8.3871,1633.6
1,243,1,84,0.35484,1.0678e+05,20.186,5289.7,8.6071,2271.4
1,244,2,62,0.35484,1.8514e+05,19.088,9699.7,13.516,2632.7
1,245,1,84,0.35484,1.1359e+05,9.168,12390,13.226,3490.3
1,246,2,62,0.35484,1.6329e+05,42.594,3833.5,8.5645,1668.2
1,247,1,126,1.0323,1.87e+05,23.579,7931,8.5397,3380.4
1,248,2,62,1.0323,94052,11.217,8384.9,12.387,2412.7
1,249,1,54,0.14815,1.6175e+05,45.808,3531.2,8.7778,1489.1
1,250,2,62,0.14815,1.1185e+05,13.401,8346.4,12.5,2434.7
1,251,1,39,0.58974,87417,9.8953,8834.2,16.718,2048.3
1,252,2,62,0.58974,1.8271e+05,47.847,3818.6,8.5161,1658.8
1,253,1,54,0.14815,1.7565e+05,22.99,7640.4,12.63,2142.6
1,254,2,62,0.14815,1.0279e+05,27.745,3704.7,8.3065,1617.9
1,255,1,36,0.72222,77040,31.652,2433.9,8.8611,1002.2
1,256,2,62,0.72222,1.8702e+05,18.659,10023,13.677,2664.1
1,257,1,54,0.14815,1.0363e+05,13.771,7524.9,12.574,2133.1
1,258,2,62,0.14815,1.6433e+05,44.861,3663.1,8.3226,1621.1
1,259,1,33,0.87879,94975,19.801,4796.4,12.939,1341.5
1,260,2,62,0.87879,1.7666e+05,46.502,3799,8.5,1655.6
1,261,1,90,0.45161,1.0616e+05,18.288,5804.9,8.7,2459.9
1,262,2,62,0.45161,1.8498e+05,13.404,13800,16.629,3239
1,263,1,27,1.2963,89842,16.102,5579.5,16,1357.2
1,264,2,62,1.2963,1.7566e+05,44.741,3926.2,8.629,1680.8
1,265,1,144,1.3226,1.1564e+05,12.801,9033.6,8.5556,3870.4
1,266,2,62,1.3226,1.872e+05,21.288,8793.3,12.903,2513.3
1,267,1,48,0.29167,92337,29.832,3095.3,8.6458,1303.8
1,268,2,62,0.29167,1.822e+05,22.523,8089.6,12.387,2412.7
1,269,1,117,0.8871,1.8579e+05,26.194,7092.9,8.4017,3088.2
1,270,2,62,0.8871,1.0365e+05,12.457,8320.5,12.419,2419
1,271,1,24,1.5833,84510,57.114,1479.7,8.4167,634.6
1,272,2,62,1.5833,1.8067e+05,12.673,14257,16.935,3298.7
1,273,1,45,0.37778,1.0516e+05,10.44,10073,16.6,2346.8
1,274,2,62,0.37778,1.7726e+05,47.98,3694.5,8.3548,1627.3
1,275,1,105,0.69355,1.8926e+05,13.288,14242,12.552,4140.6
1,276,2,62,0.69355,99022,25.657,3859.4,8.4839,1652.5
1,277,1,120,0.93548,1.9732e+05,7.4554,26466,16.55,6239.2
1,278,2,62,0.93548,1.0417e+05,28.34,3675.7,8.3871,1633.6
1,279,1,60,0.033333,1.0751e+05,30.297,3548.4,8.3,1564.5
1,280,2,62,0.033333,1.7509e+05,13.267,13198,16.258,3166.7
1,281,1,51,0.21569,99112,27.826,3561.8,9,1442
1,282,2,62,0.21569,1.9058e+05,14.15,13469,16.371,3188.7
1,283,1,78,0.25806,1.0647e+05,23.245,4580.4,8.3077,2035.8
1,284,2,62,0.25806,1.8558e+05,19.596,9470.3,13.355,2601.2
1,285,1,132,1.129,1.2054e+05,4.1342,29156,16.538,6858.1
1,286,2,62,1.129,1.7284e+05,48.494,3564.1,8.1935,1595.9
1,287,1,117,0.8871,1.9639e+05,12.923,15197,12.256,4505
1,288,2,62,0.8871,1.1122e+05,29.397,3783.3,8.4677,1649.3
1,289,1,48,0.29167,1.8758e+05,57.578,3257.8,8.9167,1344.6
1,290,2,62,0.29167,1.0425e+05,11.3,9226.1,13.274,2585.5
1,291,1,45,0.37778,1.6932e+05,56.407,3001.8,8.8444,1250.4
1,292,2,62,0.37778,1.0654e+05,8.0147,13294,16.29,3173
1,293,1,78,0.25806,1.07e+05,6.4476,16595,16.205,3971
1,294,2,62,0.25806,1.7257e+05,42.79,4033,8.7258,1699.6
1,295,1,60,0.033333,1.0357e+05,29.836,3471.5,8.2667,1558.2
1,296,2,62,0.033333,1.8534e+05,14.291,12968,16.097,3135.3
1,297,1,57,0.087719,1.7214e+05,23.81,7229.6,12.263,2196
1,298,2,62,0.087719,99075,23.365,4240.4,8.9516,1743.6
1,299,1,72,0.16129,1.0866e+05,6.9036,15739,16.444,3719.6
1,300,2,62,0.16129,1.771e+05,45.499,3892.4,8.5161,1658.8
1,301,1,33,0.87879,98221,14.73,6668,15.818,1639.9
1,302,2,62,0.87879,1.6938e+05,48.464,3495,8.129,1583.4
1,303,1,21,1.9524,85870,18.128,4736.7,16.714,1102.7
1,304,2,62,1.9524,1.6508e+05,42.114,3919.9,8.629,1680.8
1,305,1,48,0.29167,1.7605e+05,25.565,6886.4,12.958,1954.1
1,306,2,62,0.29167,1.0142e+05,25.545,3970.2,8.629,1680.8
1,307,1,21,1.9524,1.5631e+05,28.607,5464,18.048,1190.7
1,308,2,62,1.9524,1.0611e+05,26.505,4003.2,8.6935,1693.3
1,309,1,120,0.93548,1.1526e+05,6.8446,16839,12.733,4800.4
1,310,2,62,0.93548,1.7971e+05,50.421,3564.1,8.1613,1589.6
1,311,1,60,0.033333,93998,26.252,3580.6,8.35,1573.9
1,312,2,62,0.033333,1.7859e+05,20.785,8592.3,12.613,2456.7
1,313,1,66,0.064516,1.0677e+05,7.2377,14752,16.621,3446.3
1,314,2,62,0.064516,1.7074e+05,43.358,3938,8.5806,1671.3
1,315,1,45,0.37778,95640,37.388,2558,8.1556,1153
1,316,2,62,0.37778,1.7992e+05,13.176,13655,16.484,3210.7
1,317,1,60,0.033333,1.713e+05,40.889,4189.3,9.1,1715.3
1,318,2,62,0.033333,1.0639e+05,11.817,9003,13.048,2541.5
1,319,1,66,0.064516,1.7328e+05,19.819,8743.1,12.515,2595
1,320,2,62,0.064516,1.0148e+05,27.317,3714.9,8.3871,1633.6
1,321,1,39,0.58974,92860,9.8618,9416.1,17.359,2126.9
1,322,2,62,0.58974,1.7849e+05,44.939,3971.8,8.5968,1674.5
1,323,1,39,0.58974,96416,16.277,5923.5,13.436,1646.2
1,324,2,62,0.58974,1.738e+05,50.731,3425.9,8.0323,1564.5
1,325,1,45,0.37778,1.7154e+05,61.128,2806.2,8.5556,1209.5
1,326,2,62,0.37778,1.0414e+05,10.543,9878,13.694,2667.2
1,327,1,72,0.16129,1.048e+05,24.447,4286.7,8.3889,1897.5
1,328,2,62,0.16129,1.9463e+05,14.511,13412,16.403,3195
1,329,1,39,0.58974,1.7021e+05,62.781,2711.2,8.9744,1099.6
1,330,2,62,0.58974,1.135e+05,12.619,8994.4,13,2532.1
1,331,1,72,0.16129,1.0643e+05,11.23,9477.4,12.375,2799.2
1,332,2,62,0.16129,1.7795e+05,46.06,3863.4,8.5,1655.6
1,333,1,21,1.9524,1.5685e+05,122.9,1276.3,8.4286,556.06
1,334,2,62,1.9524,1.0929e+05,8.244,13258,16.29,3173
1,335,1,48,0.29167,1.0563e+05,35.778,2952.3,8.4792,1278.6
1,336,2,62,0.29167,1.8049e+05,13.234,13638,16.5,3213.8
1,337,1,48,0.29167,1.0518e+05,10.296,10215,16.208,2444.2
1,338,2,62,0.29167,1.7917e+05,45.892,3904.2,8.629,1680.8
1,339,1,42,0.47619,1.0307e+05,15.959,6458.3,13.5,1781.3
1,340,2,62,0.47619,1.7276e+05,43.669,3956.1,8.5968,1674.5
1,341,1,36,0.72222,1.4833e+05,61.258,2421.4,8.8611,1002.2
1,342,2,62,0.72222,1.1314e+05,14.589,7755,12.032,2343.6
1,343,1,45,0.37778,99878,33.439,2986.9,8.8222,1247.2
1,344,2,62,0.37778,1.8802e+05,21.645,8686.5,12.71,2475.6
1,345,1,30,1.0667,1.5705e+05,35.454,4429.6,13.333,1256.6
1,346,2,62,1.0667,97407,24.035,4052.7,8.7419,1702.7
1,347,1,60,0.033333,1.0673e+05,11.841,9014,13.35,2516.4
1,348,2,62,0.033333,1.7853e+05,47.695,3743.2,8.3871,1633.6
1,349,1,21,1.9524,1.3497e+05,95.735,1409.8,8.8095,581.19
1,350,2,62,1.9524,1.0674e+05,11.509,9274.8,13.21,2573
1,351,1,105,0.69355,1.9125e+05,29.79,6419.8,8.419,2777.2
1,352,2,62,0.69355,1.0968e+05,8.1684,13427,16.355,3185.6
1,353,1,39,0.58974,1.7492e+05,74.787,2338.9,8.359,1024.2
1,354,2,62,0.58974,1.0657e+05,8.0292,13273,16.323,3179.3
1,355,1,126,1.0323,1.1076e+05,14.242,7777,8.4762,3355.2
1,356,2,62,1.0323,1.8872e+05,14.824,12731,15.952,3107
1,357,1,66,0.064516,1.0455e+05,24.771,4220.7,8.5758,1778.1
1,358,2,62,0.064516,1.8416e+05,14.124,13038,16.048,3125.9
1,359,1,48,0.29167,89854,8.9171,10077,16.083,2425.3
1,360,2,62,0.29167,1.7507e+05,47.365,3696.1,8.2903,1614.8
1,361,1,54,0.14815,1.8798e+05,16.166,11628,16.352,2774
1,362,2,62,0.14815,1.0299e+05,25.921,3973.3,8.6613,1687
1,363,1,45,0.37778,1.513e+05,15.698,9638.4,16.311,2305.9
1,364,2,62,0.37778,1.0142e+05,26.294,3857.1,8.5323,1661.9
1,365,1,72,0.16129,1.0776e+05,6.75,15964,16.556,3744.8
1,366,2,62,0.16129,1.7754e+05,48.769,3640.3,8.2419,1605.4
1,367,1,33,0.87879,93860,52.118,1800.9,7.9697,826.24
1,368,2,62,0.87879,1.8716e+05,13.841,13522,16.435,3201.3
1,369,1,99,0.59677,1.8275e+05,30.48,5995.7,8.4646,2632.7
1,370,2,62,0.59677,1.0961e+05,12.12,9043.9,12.952,2522.7
1,371,1,27,1.2963,83724,23.189,3610.5,12.556,1065
1,372,2,62,1.2963,1.6263e+05,41.9,3881.4,8.4839,1652.5
1,373,1,78,0.25806,1.0036e+05,20.014,5014.8,8.6538,2120.6
1,374,2,62,0.25806,1.8181e+05,13.524,13444,16.371,3188.7
1,375,1,39,0.58974,1.0402e+05,17.225,6038.9,13.462,1649.3
1,376,2,62,0.58974,1.7986e+05,46.441,3872.8,8.5323,1661.9
1,377,1,84,0.35484,99128,18.844,5260.6,8.5476,2255.7
1,378,2,62,0.35484,1.8373e+05,13.917,13202,16.21,3157.3
1,379,1,51,0.21569,99252,29.403,3375.6,8.8235,1413.7
1,380,2,62,0.21569,1.7804e+05,19.317,9216.6,13.242,2579.2
1,381,1,39,0.58974,91305,36.627,2492.9,8.6667,1061.9
1,382,2,62,0.58974,1.8879e+05,14.425,13088,16.161,3147.9
1,383,1,60,0.033333,1.8451e+05,20.543,8981.8,13.333,2513.3
1,384,2,62,0.033333,1.013e+05,26.881,3768.3,8.4194,1639.9
1,385,1,30,1.0667,1.6603e+05,24.788,6697.9,16.667,1570.8
1,386,2,62,1.0667,97674,25.246,3868.9,8.5161,1658.8
1,387,1,15,3.1333,52523,26.836,1957.2,12.267,578.05
1,388,2,62,3.1333,1.7232e+05,46.22,3728.3,8.4032,1636.8
1,389,1,57,0.087719,1.8256e+05,15.498,11779,15.965,2858.8
1,390,2,62,0.087719,1.0269e+05,30.742,3340.3,7.8871,1536.2
1,391,1,78,0.25806,1.8596e+05,18.353,10132,12.346,3025.4
1,392,2,62,0.25806,1.0673e+05,27.442,3889.3,8.5161,1658.8
1,393,1,60,0.033333,1.7486e+05,46.162,3788,8.55,1611.6
1,394,2,62,0.033333,1.0837e+05,8.4075,12890,15.968,3110.2
1,395,1,60,0.033333,1.6448e+05,42.766,3846.1,8.6167,1624.2
1,396,2,62,0.033333,1.1696e+05,8.2817,14123,16.806,3273.5
1,397,1,126,1.0323,1.1276e+05,13.938,8089.6,8.6667,3430.6
1,398,2,62,1.0323,1.7391e+05,22.11,7865.8,12.177,2371.9
1,399,1,27,1.2963,1.5649e+05,25.883,6046,16.667,1413.7
1,400,2,62,1.2963,1.0114e+05,25.994,3890.9,8.5484,1665
1,401,1,33,0.87879,91477,40.982,2232.1,8.8485,917.35
1,402,2,62,0.87879,1.8669e+05,13.83,13499,16.435,3201.3
1,403,1,48,0.29167,1.6781e+05,14.191,11825,17.583,2651.5
1,404,2,62,0.29167,95678,24.755,3864.9,8.5323,1661.9
1,405,1,36,0.72222,99906,12.602,7927.8,16.556,1872.4
1,406,2,62,0.72222,1.7502e+05,44.702,3915.2,8.5968,1674.5
1,407,1,42,0.47619,99738,37.795,2638.9,8.619,1137.3
1,408,2,62,0.47619,1.8864e+05,20.058,9404.4,13.29,2588.7
1,409,1,30,1.0667,93389,47.582,1962.7,8.7667,826.24
1,410,2,62,1.0667,1.9095e+05,21.15,9028.2,13.016,2535.3
1,411,1,66,0.064516,1.0299e+05,24.32,4234.9,8.6667,1797
1,412,2,62,0.064516,1.8647e+05,21.519,8665.3,12.823,2497.6
1,413,1,72,0.16129,1.0416e+05,10.378,10036,12.833,2902.8
1,414,2,62,0.16129,1.7613e+05,41.831,4210.5,8.9516,1743.6
1,415,1,48,0.29167,1.7038e+05,15.194,11214,17.083,2576.1
1,416,2,62,0.29167,99098,27.971,3542.9,8.1774,1592.8
1,417,1,66,0.064516,1.0141e+05,9.8787,10265,13.576,2814.9
1,418,2,62,0.064516,1.8174e+05,46.409,3916,8.5484,1665
1,419,1,84,0.35484,1.813e+05,15.609,11615,12.655,3339.5
1,420,2,62,0.35484,1.0662e+05,24.928,4277.3,9.0323,1759.3
1,421,1,27,1.2963,1.5751e+05,52.159,3019.9,11.296,958.19
1,422,2,62,1.2963,95379,24.494,3894,8.5484,1665
1,423,1,33,0.87879,1.6514e+05,87.644,1884.2,8.0909,838.81
1,424,2,62,0.87879,98421,10.665,9228.4,13.226,2576.1
1,425,1,78,0.25806,1.9023e+05,11.414,16667,16.269,3986.7
1,426,2,62,0.25806,1.0207e+05,27.256,3744.8,8.4194,1639.9
1,427,1,24,1.5833,1.3393e+05,86.514,1548,8.625,650.31
1,428,2,62,1.5833,1.1238e+05,11.46,9806.5,13.677,2664.1
1,429,1,63,0.016129,1.6812e+05,43.139,3897.1,8.5397,1690.2
1,430,2,62,0.016129,1.0805e+05,7.6428,14137,16.871,3286.1
1,431,1,36,0.72222,1.7e+05,36.397,4670.8,12.417,1404.3
1,432,2,62,0.72222,1.0845e+05,27.37,3962.3,8.629,1680.8
1,433,1,72,0.16129,1.8686e+05,42.53,4393.5,8.3611,1891.2
1,434,2,62,0.16129,1.0621e+05,7.8748,13488,16.435,3201.3
1,435,1,78,0.25806,1.787e+05,36.208,4935.4,8.5897,2104.9
1,436,2,62,0.25806,1.09e+05,12.232,8911.1,13.065,2544.7
1,437,1,51,0.21569,97605,32.212,3030.1,8.3137,1332
1,438,2,62,0.21569,1.8225e+05,13.152,13858,16.645,3242.1
1,439,1,54,0.14815,1.0432e+05,30.174,3457.3,8.6296,1464
1,440,2,62,0.14815,1.8774e+05,21.69,8655.9,12.823,2497.6
1,441,1,30,1.0667,1.6099e+05,88.542,1818.2,8.4333,794.82
1,442,2,62,1.0667,1.0568e+05,10.708,9869.3,13.677,2664.1
1,443,1,33,0.87879,1.7203e+05,23.186,7419.7,16.697,1731
1,444,2,62,0.87879,1.067e+05,30.043,3551.6,8.1613,1589.6
1,445,1,48,0.29167,1.7437e+05,17.489,9969.8,15.958,2406.5
1,446,2,62,0.29167,1.0446e+05,29.781,3507.6,8.0645,1570.8
1,447,1,27,1.2963,1.5149e+05,92.822,1632.1,8.5185,722.57
1,448,2,62,1.2963,1.0707e+05,8.1822,13086,16.129,3141.6
1,449,1,72,0.16129,1.8666e+05,11.791,15830,16.528,3738.5
1,450,2,62,0.16129,99432,25.711,3867.3,8.5806,1671.3
1,451,1,42,0.47619,95784,34.965,2739.5,8.8095,1162.4
1,452,2,62,0.47619,1.8754e+05,14.645,12805,16,3116.5
1,453,1,45,0.37778,1.01e+05,43.082,2344.4,7.8444,1109
1,454,2,62,0.37778,1.8264e+05,19.73,9256.7,13.258,2582.4
1,455,1,75,0.20968,1.1339e+05,9.6892,11703,13.533,3188.7
1,456,2,62,0.20968,1.7695e+05,41.861,4227,8.9355,1740.4
1,457,1,66,0.064516,1.1028e+05,29.599,3725.9,8.1515,1690.2
1,458,2,62,0.064516,1.8681e+05,13.742,13594,16.5,3213.8
1,459,1,72,0.16129,1.795e+05,37.012,4849.8,8.875,2007.5
1,460,2,62,0.16129,1.0557e+05,7.6446,13810,16.613,3235.8
1,461,1,33,0.87879,82219,48.668,1689.4,7.7879,807.39
1,462,2,62,0.87879,1.7698e+05,19.516,9068.2,13.129,2557.3
1,463,1,48,0.29167,99561,14.891,6686.1,12.688,1913.2
1,464,2,62,0.29167,1.549e+05,38.274,4047.2,8.6613,1687
1,465,1,63,0.016129,1.0294e+05,7.1572,14383,16.841,3333.2
1,466,2,62,0.016129,1.6818e+05,43.881,3832.7,8.4839,1652.5
1,467,1,39,0.58974,1.5949e+05,63.006,2531.3,8.641,1058.7
1,468,2,62,0.58974,1.0455e+05,12.663,8256.9,12.435,2422.2
1,469,1,54,0.14815,1.8643e+05,15.111,12338,16.87,2862
1,470,2,62,0.14815,98702,25.684,3843,8.5,1655.6
1,471,1,132,1.129,1.9271e+05,23.706,8128.9,8.4848,3518.6
1,472,2,62,1.129,1.1096e+05,8.0655,13757,16.613,3235.8
1,473,1,48,0.29167,1.8309e+05,26.521,6903.6,12.875,1941.5
1,474,2,62,0.29167,97412,24.56,3966.3,8.6129,1677.6
1,475,1,84,0.35484,1.8365e+05,16.908,10862,12.357,3261
1,476,2,62,0.35484,1.0512e+05,24.388,4310.3,9,1753
1,477,1,144,1.3226,1.0909e+05,12.127,8995.2,8.5625,3873.6
1,478,2,62,1.3226,1.7617e+05,13.407,13140,16.21,3157.3
1,479,1,78,0.25806,1.0666e+05,10.211,10446,12.385,3034.8
1,480,2,62,0.25806,1.7783e+05,45.465,3911.3,8.5806,1671.3
1,481,1,27,1.2963,1.5054e+05,73.609,2045.2,9.4074,797.96
1,482,2,62,1.2963,1.0857e+05,12.101,8971.6,13.016,2535.3
1,483,1,78,0.25806,1.0991e+05,6.4104,17146,16.5,4043.2
1,484,2,62,0.25806,1.7504e+05,47.837,3659.2,8.3065,1617.9
1,485,1,78,0.25806,1.9227e+05,11.082,17349,16.59,4065.2
1,486,2,62,0.25806,95651,24.328,3931.7,8.6129,1677.6
1,487,1,15,3.1333,1.1785e+05,124.22,948.76,8.6667,408.41
1,488,2,62,3.1333,1.0615e+05,7.8347,13548,16.452,3204.4
1,489,1,60,0.033333,1.7805e+05,13.921,12790,16.217,3056.8
1,490,2,62,0.033333,99577,25.146,3960,8.6452,1683.9
1,491,1,24,1.5833,1.5673e+05,27.789,5639.9,17.125,1291.2
1,492,2,62,1.5833,1.0646e+05,31.325,3398.4,8.0806,1573.9
1,493,1,48,0.29167,1.6503e+05,26.467,6235.3,12.396,1869.2
1,494,2,62,0.29167,98253,26.95,3645.8,8.3548,1627.3
1,495,1,54,0.14815,1.8251e+05,50.905,3585.3,8.7963,1492.3
1,496,2,62,0.14815,1.0606e+05,7.6763,13817,16.581,3229.6
1,497,1,81,0.30645,1.1548e+05,6.4116,18012,16.63,4231.7
1,498,2,62,0.30645,1.6279e+05,41.149,3956.1,8.629,1680.8
1,499,1,108,0.74194,1.0837e+05,16.99,6378.2,8.3056,2818
1,500,2,62,0.74194,1.6634e+05,17.971,9255.9,13.274,2585.5
1,501,1,90,0.45161,1.9096e+05,9.7213,19644,16.456,4652.7
1,502,2,62,0.45161,1.1051e+05,26.232,4212.9,8.9677,1746.7
1,503,1,48,0.29167,1.5309e+05,50.945,3004.9,8.5,1281.8
1,504,2,62,0.29167,1.0174e+05,12.46,8165,12.419,2419
1,505,1,108,0.74194,1.1763e+05,4.9601,23716,16.481,5592
1,506,2,62,0.74194,1.7881e+05,46.854,3816.2,8.5,1655.6
1,507,1,72,0.16129,1.046e+05,22.432,4662.9,8.6528,1957.2
1,508,2,62,0.16129,1.8876e+05,15.081,12516,15.774,3072.5
1,509,1,99,0.59677,1.1804e+05,5.3045,22253,16.707,5196.2
1,510,2,62,0.59677,1.6677e+05,43.493,3834.3,8.4839,1652.5
1,511,1,120,0.93548,1.9944e+05,10.761,18533,13.492,5086.2
1,512,2,62,0.93548,1.046e+05,26.063,4013.4,8.7097,1696.5
1,513,1,84,0.35484,1.151e+05,6.3697,18070,16.321,4307.1
1,514,2,62,0.35484,1.7764e+05,46.084,3854.7,8.5806,1671.3
1,515,1,54,0.14815,1.7843e+05,24.848,7180.9,12.463,2114.3
1,516,2,62,0.14815,1.0769e+05,29.125,3697.7,8.3226,1621.1
1,517,1,42,0.47619,98705,11.463,8611.1,15.905,2098.6
1,518,2,62,0.47619,1.7483e+05,51.256,3411,8.0161,1561.4
1,519,1,33,0.87879,1.3909e+05,72.761,1911.7,8.1818,848.23
1,520,2,62,0.87879,98100,11.026,8897,12.935,2519.6
1,521,1,24,1.5833,1.5776e+05,104.13,1515,8.4583,637.74
1,522,2,62,1.5833,1.0569e+05,7.6367,13840,16.645,3242.1
1,523,1,27,1.2963,95061,52.9,1797,8.8148,747.7
1,524,2,62,1.2963,1.8176e+05,12.468,14578,17.081,3326.9
1,525,1,51,0.21569,1.6856e+05,24.097,6994.8,12.706,2035.8
1,526,2,62,0.21569,1.0713e+05,28.056,3818.6,8.4516,1646.2
1,527,1,48,0.29167,92745,30.325,3058.3,8.7083,1313.2
1,528,2,62,0.29167,1.9077e+05,12.98,14697,17.145,3339.5
1,529,1,30,1.0667,89406,59.724,1497,7.6667,722.57
1,530,2,62,1.0667,1.8758e+05,14.106,13298,16.274,3169.9
1,531,1,75,0.20968,1.8394e+05,37.653,4885.2,8.72,2054.6
1,532,2,62,0.20968,1.0072e+05,7.3176,13764,16.565,3226.4
1,533,1,66,0.064516,1.8943e+05,12.345,15344,16.985,3521.7
1,534,2,62,0.064516,1.08e+05,29.699,3636.4,8.2903,1614.8
1,535,1,120,0.93548,1.101e+05,15.255,7217,8.4083,3169.9
1,536,2,62,0.93548,1.691e+05,12.343,13700,16.548,3223.3
1,537,1,72,0.16129,1.7413e+05,18.229,9552,12.444,2814.9
1,538,2,62,0.16129,1.0659e+05,26.507,4021.2,8.6452,1683.9
1,539,1,48,0.29167,1.0541e+05,10.358,10176,16.188,2441
1,540,2,62,0.29167,1.8209e+05,47.881,3802.9,8.5161,1658.8
1,541,1,90,0.45161,1.8239e+05,31.733,5747.5,8.6222,2437.9
1,542,2,62,0.45161,1.0811e+05,8.6983,12429,15.694,3056.8
1,543,1,66,0.064516,1.8174e+05,41.61,4367.6,8.7727,1819
1,544,2,62,0.064516,1.0735e+05,11.645,9219,13.129,2557.3
1,545,1,48,0.29167,1.6798e+05,24.418,6879.3,13.021,1963.5
1,546,2,62,0.29167,1.0824e+05,29.953,3613.6,8.3065,1617.9
1,547,1,75,0.20968,1.0403e+05,22.988,4525.5,8.4267,1985.5
1,548,2,62,0.20968,1.806e+05,12.605,14327,16.935,3298.7
1,549,1,30,1.0667,1.4957e+05,39.168,3818.6,12.067,1137.3
1,550,2,62,1.0667,1.0149e+05,27.77,3654.5,8.3065,1617.9
1,551,1,66,0.064516,1.073e+05,12.251,8758.8,12.485,2588.7
1,552,2,62,0.064516,1.7703e+05,45.189,3917.6,8.5806,1671.3
1,553,1,33,0.87879,1.552e+05,90.313,1718.5,7.7576,804.25
1,554,2,62,0.87879,99724,7.4879,13318,16.306,3176.2
1,555,1,120,0.93548,1.0629e+05,15.156,7012.8,8.225,3100.8
1,556,2,62,0.93548,1.8325e+05,18.809,9742.9,13.597,2648.4
1,557,1,105,0.69355,2.0174e+05,8.8572,22777,16.39,5406.7
1,558,2,62,0.69355,1.0179e+05,27.187,3744,8.371,1630.5
1,559,1,39,0.58974,1.6928e+05,77.251,2191.3,8.1026,992.74
1,560,2,62,0.58974,1.0315e+05,7.4176,13906,16.677,3248.4
1,561,1,126,1.0323,1.1588e+05,6.558,17671,12.706,5029.7
1,562,2,62,1.0323,1.7275e+05,40.68,4246.6,8.9194,1737.3
1,563,1,42,0.47619,1.7031e+05,17.786,9575.6,16.762,2211.7
1,564,2,62,0.47619,1.0445e+05,27.342,3820.2,8.4516,1646.2
1,565,1,30,1.0667,1.6813e+05,88.901,1891.2,8.6,810.53
1,566,2,62,1.0667,1.0469e+05,11.732,8923.7,12.871,2507
1,567,1,96,0.54839,1.1672e+05,5.6042,20826,16.406,4948
1,568,2,62,0.54839,1.8007e+05,47.776,3769.1,8.4032,1636.8
1,569,1,21,1.9524,87462,28.05,3118,13.333,879.65
1,570,2,62,1.9524,1.7425e+05,44.893,3881.4,8.5484,1665
1,571,1,132,1.129,1.1325e+05,14.171,7991.4,8.4015,3484
1,572,2,62,1.129,1.8749e+05,13.038,14380,16.984,3308.1
1,573,1,72,0.16129,1.0302e+05,24.767,4159.5,8.25,1866.1
1,574,2,62,0.16129,1.787e+05,18.94,9435,13.274,2585.5
1,575,1,48,0.29167,1.8312e+05,17.476,10478,16.479,2485
1,576,2,62,0.29167,1.0489e+05,28.397,3693.7,8.371,1630.5
1,577,1,21,1.9524,1.4329e+05,114.38,1252.7,8.5238,562.35
1,578,2,62,1.9524,1.0654e+05,11.214,9501,13.435,2616.9
1,579,1,78,0.25806,1.0528e+05,19.563,5381.5,8.9744,2199.1
1,580,2,62,0.25806,1.7472e+05,19.089,9153,13.161,2563.5
1,581,1,33,0.87879,1.709e+05,87.741,1947.8,8.1818,848.23
1,582,2,62,0.87879,1.0394e+05,11.497,9040.7,13.113,2554.1
1,583,1,60,0.033333,1.1433e+05,9.0649,12613,16.117,3037.9
1,584,2,62,0.033333,1.7838e+05,43.618,4089.6,8.7903,1712.2
1,585,1,96,0.54839,1.8667e+05,30.39,6142.6,8.6563,2610.7
1,586,2,62,0.54839,1.0383e+05,7.5702,13716,16.516,3217
1,587,1,54,0.14815,1.0511e+05,8.7051,12075,16.63,2821.2
1,588,2,62,0.14815,1.7052e+05,47.758,3570.4,8.1613,1589.6
1,589,1,39,0.58974,1.5636e+05,54.363,2876.1,9.2821,1137.3
1,590,2,62,0.58974,1.0739e+05,12.383,8672.4,12.774,2488.1
1,591,1,63,0.016129,1.0195e+05,12.081,8439.1,12.46,2466.2
1,592,2,62,0.016129,1.7153e+05,44.58,3847.7,8.5,1655.6
1,593,1,78,0.25806,1.0412e+05,21.888,4757.2,8.4744,2076.6
1,594,2,62,0.25806,1.779e+05,18.686,9520.6,13.323,2595
1,595,1,105,0.69355,1.1088e+05,7.5992,14591,12.781,4216
1,596,2,62,0.69355,1.6123e+05,43.363,3718.1,8.4194,1639.9
1,597,1,108,0.74194,1.1065e+05,16.665,6639.8,8.5185,2890.3
1,598,2,62,0.74194,1.8157e+05,14.083,12893,16,3116.5
1,599,1,42,0.47619,1.7507e+05,27.475,6371.9,13.357,1762.4
1,600,2,62,0.47619,1.0392e+05,28.135,3693.7,8.2742,1611.6
1,601,1,51,0.21569,1.6999e+05,55.985,3036.3,8.3529,1338.3
1,602,2,62,0.21569,1.0568e+05,10.952,9649.4,13.452,2620.1
1,603,1,60,0.033333,1.8475e+05,21.953,8415.5,12.85,2422.2
1,604,2,62,0.033333,1.0283e+05,25.82,3982.8,8.6935,1693.3
1,605,1,51,0.21569,1.6075e+05,49.604,3240.6,8.5882,1376
1,606,2,62,0.21569,1.0709e+05,11.618,9217.4,13.258,2582.4
1,607,1,51,0.21569,1.7431e+05,24.515,7110.2,12.765,2045.2
1,608,2,62,0.21569,1.0394e+05,28.417,3657.6,8.3387,1624.2
1,609,1,66,0.064516,1.7285e+05,43.236,3997.7,8.3939,1740.4
1,610,2,62,0.064516,1.033e+05,11.126,9284.2,13.177,2566.7
1,611,1,60,0.033333,1.0381e+05,13.401,7746.4,12.05,2271.4
1,612,2,62,0.033333,1.8389e+05,44.699,4113.9,8.7742,1709
1,613,1,48,0.29167,1.7842e+05,27.393,6513.3,12.563,1894.4
1,614,2,62,0.29167,1.0062e+05,25.613,3928.6,8.6129,1677.6
1,615,1,108,0.74194,1.0877e+05,7.1167,15284,12.759,4329.1
1,616,2,62,0.74194,1.8145e+05,52.448,3459.7,8.0484,1567.7
1,617,1,66,0.064516,1.0361e+05,7.1619,14467,16.485,3418.1
1,618,2,62,0.064516,1.8285e+05,42.214,4331.5,9.0484,1762.4
1,619,1,60,0.033333,1.0683e+05,13.554,7881.5,12.45,2346.8
1,620,2,62,0.033333,1.8067e+05,46.68,3870.4,8.5161,1658.8
1,621,1,72,0.16129,1.7498e+05,38.006,4604,8.6389,1954.1
1,622,2,62,0.16129,1.1317e+05,12.075,9372.9,13.355,2601.2
1,623,1,72,0.16129,1.0748e+05,7.1679,14995,16,3619.1
1,624,2,62,0.16129,1.7708e+05,50.953,3475.4,8.1452,1586.5
1,625,1,54,0.14815,1.7964e+05,15.605,11512,16.167,2742.6
1,626,2,62,0.14815,1.0284e+05,30.587,3362.3,8.0161,1561.4
1,627,1,72,0.16129,1.8572e+05,11.319,16408,16.792,3798.2
1,628,2,62,0.16129,99196,26.004,3814.7,8.4677,1649.3
1,629,1,72,0.16129,1.0811e+05,23.27,4645.6,8.6528,1957.2
1,630,2,62,0.16129,1.7973e+05,22.99,7817.9,12.097,2356.2
1,631,1,30,1.0667,90379,19.909,4539.6,13.267,1250.4
1,632,2,62,1.0667,1.7876e+05,41.345,4323.6,9.0161,1756.2
1,633,1,66,0.064516,1.8419e+05,19.215,9585.8,13.045,2704.9
1,634,2,62,0.064516,1.044e+05,25.451,4102.1,8.7903,1712.2
1,635,1,45,0.37778,99531,16.454,6049.1,12.489,1765.6
1,636,2,62,0.37778,1.7215e+05,47.289,3640.3,8.2419,1605.4
1,637,1,132,1.129,1.9953e+05,6.7831,29416,16.591,6880.1
1,638,2,62,1.129,1.0216e+05,26.311,3883,8.5806,1671.3
1,639,1,48,0.29167,1.6151e+05,16.351,9878,15.896,2397
1,640,2,62,0.29167,97671,25.379,3848.5,8.5484,1665
1,641,1,78,0.25806,1.8134e+05,17.261,10505,12.564,3078.8
1,642,2,62,0.25806,1.0347e+05,28.732,3601.1,8.2419,1605.4
1,643,1,51,0.21569,1.737e+05,16.413,10583,15.98,2560.4
1,644,2,62,0.21569,1.0134e+05,25.805,3927,8.6129,1677.6
1,645,1,15,3.1333,72062,71.236,1011.6,8.8,414.69
1,646,2,62,3.1333,1.7728e+05,19.124,9270.1,13.177,2566.7
1,647,1,33,0.87879,94264,55.514,1698,7.7576,804.25
1,648,2,62,0.87879,1.9462e+05,15.114,12877,16.016,3119.6
1,649,1,75,0.20968,1.745e+05,36.711,4753.2,8.64,2035.8
1,650,2,62,0.20968,1.102e+05,13.529,8145.4,12.435,2422.2
1,651,1,48,0.29167,1.7132e+05,55.365,3094.5,8.6667,1306.9
1,652,2,62,0.29167,1.0179e+05,7.6554,13296,16.242,3163.6
1,653,1,99,0.59677,1.0862e+05,18.547,5856.7,8.3535,2598.1
1,654,2,62,0.59677,1.8694e+05,13.329,14025,16.758,3264.1
1,655,1,57,0.087719,1.0139e+05,29.575,3428.3,8.3333,1492.3
1,656,2,62,0.087719,1.7111e+05,20.746,8248.3,12.355,2406.5
1,657,1,66,0.064516,1.0922e+05,27.145,4023.6,8.4091,1743.6
1,658,2,62,0.064516,1.7766e+05,21.843,8133.6,12.419,2419
1,659,1,120,0.93548,1.9068e+05,10.663,17883,13.225,4985.7
1,660,2,62,0.93548,98109,24.527,4000,8.6613,1687
1,661,1,120,0.93548,1.1143e+05,15.727,7085.1,8.3417,3144.7
1,662,2,62,0.93548,1.7923e+05,19.759,9070.6,13.145,2560.4
1,663,1,51,0.21569,1.6761e+05,58.356,2872.2,8.1373,1303.8
1,664,2,62,0.21569,99961,11.468,8716.3,12.742,2481.9
1,665,1,132,1.129,1.1507e+05,5.9313,19401,13.258,5497.8
1,666,2,62,1.129,1.6596e+05,41.556,3993.7,8.6613,1687
1,667,1,48,0.29167,95205,33.964,2803.1,8.3542,1259.8
1,668,2,62,0.29167,1.8881e+05,20.109,9389.4,13.339,2598.1
1,669,1,90,0.45161,1.0975e+05,20.7,5302.2,8.3,2346.8
1,670,2,62,0.45161,1.8021e+05,20.056,8985,13,2532.1
1,671,1,54,0.14815,1.6982e+05,53.087,3198.9,8.3148,1410.6
1,672,2,62,0.14815,1.0525e+05,12.013,8761.9,12.968,2525.8
1,673,1,33,0.87879,1.0457e+05,20.839,5017.9,13.485,1398
1,674,2,62,0.87879,1.679e+05,47.191,3557.9,8.2258,1602.2
1,675,1,66,0.064516,1.0381e+05,28.359,3660.7,8.1061,1680.8
1,676,2,62,0.064516,1.7621e+05,12.536,14057,16.774,3267.3
1,677,1,45,0.37778,1.8611e+05,19.455,9566.1,16.178,2287.1
1,678,2,62,0.37778,97885,25.607,3822.5,8.371,1630.5
1,679,1,75,0.20968,1.9044e+05,12.021,15843,16.16,3807.6
1,680,2,62,0.20968,1.0695e+05,28.169,3796.6,8.4516,1646.2
1,681,1,54,0.14815,98863,7.9618,12417,16.926,2871.4
1,682,2,62,0.14815,1.7992e+05,49.509,3634,8.2742,1611.6
1,683,1,51,0.21569,1.7847e+05,15.998,11156,16.471,2638.9
1,684,2,62,0.21569,98622,25.663,3843,8.4677,1649.3
1,685,1,72,0.16129,1.0645e+05,22.458,4739.9,8.7917,1988.6
1,686,2,62,0.16129,1.732e+05,20.753,8345.6,12.645,2463
1,687,1,39,0.58974,96737,39.251,2464.6,8.6154,1055.6
1,688,2,62,0.58974,1.7704e+05,21.101,8390.4,12.565,2447.3
1,689,1,105,0.69355,1.8621e+05,27.34,6811,8.6667,2858.8
1,690,2,62,0.69355,1.0682e+05,12.105,8823.9,12.984,2529
1,691,1,60,0.033333,98072,28.155,3483.2,8.1833,1542.5
1,692,2,62,0.033333,1.9191e+05,14.412,13316,16.323,3179.3
1,693,1,72,0.16129,1.1225e+05,10.713,10478,13.125,2968.8
1,694,2,62,0.16129,1.8682e+05,52.358,3568.1,8.2097,1599.1
1,695,1,66,0.064516,1.0781e+05,13.075,8245.1,12.091,2507
1,696,2,62,0.064516,1.7492e+05,44.948,3891.6,8.5,1655.6
1,697,1,48,0.29167,94947,32.726,2901.3,8.4583,1275.5
1,698,2,62,0.29167,1.7655e+05,12.635,13973,16.726,3257.8
1,699,1,51,0.21569,1.0465e+05,36.878,2837.6,8.098,1297.5
1,700,2,62,0.21569,1.8475e+05,13.839,13350,16.258,3166.7
1,701,1,105,0.69355,1.1623e+05,5.1154,22722,16.352,5394.1
1,702,2,62,0.69355,1.7187e+05,43.934,3912.1,8.5968,1674.5
1,703,1,48,0.29167,1.6964e+05,55.727,3044.2,8.5833,1294.3
1,704,2,62,0.29167,1.0723e+05,13.343,8036.2,12.323,2400.2
1,705,1,51,0.21569,96407,28.869,3339.5,8.7451,1401.2
1,706,2,62,0.21569,1.7657e+05,19.04,9273.2,13.306,2591.8
1,707,1,117,0.8871,1.9474e+05,7.6896,25325,16.35,6009.9
1,708,2,62,0.8871,99996,26.037,3840.6,8.5161,1658.8
1,709,1,42,0.47619,1.5964e+05,69.753,2288.7,8,1055.6
1,710,2,62,0.47619,1.0887e+05,8.2679,13168,16.194,3154.2
1,711,1,108,0.74194,1.9672e+05,8.0677,24383,16.759,5686.3
1,712,2,62,0.74194,1.074e+05,25.118,4275.7,9,1753
1,713,1,27,1.2963,1.7105e+05,28.247,6055.4,16.667,1413.7
1,714,2,62,1.2963,1.0482e+05,28.169,3721.2,8.3871,1633.6
1,715,1,120,0.93548,1.8474e+05,24.531,7531.2,8.575,3232.7
1,716,2,62,0.93548,1.0336e+05,11.331,9122.4,13.113,2554.1
1,717,1,72,0.16129,1.043e+05,22.786,4577.3,8.5833,1941.5
1,718,2,62,0.16129,1.922e+05,14.742,13038,16.129,3141.6
1,719,1,39,0.58974,1.5209e+05,25.612,5938.4,13.462,1649.3
1,720,2,62,0.58974,95045,24.242,3920.7,8.5806,1671.3
1,721,1,75,0.20968,1.7592e+05,16.311,10786,12.973,3056.8
1,722,2,62,0.20968,1.0218e+05,28.264,3615.2,8.2097,1599.1
1,723,1,60,0.033333,96662,25.587,3777.8,8.5333,1608.5
1,724,2,62,0.033333,1.8163e+05,21.477,8457.2,12.613,2456.7
1,725,1,54,0.14815,1.0898e+05,13.62,8001.6,13.37,2268.2
1,726,2,62,0.14815,1.7125e+05,40.916,4185.4,8.8548,1724.7
1,727,1,51,0.21569,1.0026e+05,13.879,7224.1,12.824,2054.6
1,728,2,62,0.21569,1.6877e+05,45.808,3684.3,8.3065,1617.9
1,729,1,48,0.29167,97764,34.519,2832.1,8.2917,1250.4
1,730,2,62,0.29167,1.8196e+05,20.641,8815.3,12.742,2481.9
1,731,1,51,0.21569,1.7215e+05,22.908,7514.7,13.176,2111.2
1,732,2,62,0.21569,1.0609e+05,30.199,3513.1,8.1452,1586.5
1,733,1,99,0.59677,1.1027e+05,8.4846,12997,12.303,3826.5
1,734,2,62,0.59677,1.6765e+05,44.031,3807.6,8.4516,1646.2
1,735,1,48,0.29167,1.6457e+05,55.594,2960.2,8.5208,1284.9
1,736,2,62,0.29167,1.1183e+05,7.9754,14022,16.758,3264.1
1,737,1,60,0.033333,1.1058e+05,8.3209,13290,16.55,3119.6
1,738,2,62,0.033333,1.6881e+05,41.719,4046.4,8.7742,1709
1,739,1,51,0.21569,1.0431e+05,9.2145,11321,16.588,2657.8
1,740,2,62,0.21569,1.6936e+05,39.588,4278.1,8.9839,1749.9
1,741,1,54,0.14815,99440,35.918,2768.5,7.7593,1316.3
1,742,2,62,0.14815,1.8765e+05,19.871,9443.6,13.516,2632.7
1,743,1,15,3.1333,58931,56.672,1039.9,9.0667,427.26
1,744,2,62,3.1333,1.7836e+05,14.198,12562,15.823,3081.9
1,745,1,90,0.45161,1.1547e+05,6.3063,18310,15.811,4470.5
1,746,2,62,0.45161,1.6013e+05,40.865,3918.4,8.5968,1674.5
1,747,1,96,0.54839,1.0385e+05,17.284,6008.3,8.5208,2569.8
1,748,2,62,0.54839,1.9573e+05,15.064,12994,16.097,3135.3
1,749,1,90,0.45161,1.9033e+05,35.177,5410.6,8.3667,2365.6
1,750,2,62,0.45161,1.0954e+05,11.824,9264.6,13.226,2576.1
1,751,1,39,0.58974,1.7118e+05,18.19,9410.6,17.333,2123.7
1,752,2,62,0.58974,96443,24.938,3867.3,8.4839,1652.5
1,753,1,54,0.14815,1.7645e+05,19.777,8922.1,13.963,2368.8
1,754,2,62,0.14815,1.0282e+05,26.866,3827.2,8.4355,1643.1
1,755,1,60,0.033333,1.7297e+05,45.324,3816.2,8.6167,1624.2
1,756,2,62,0.033333,1.0846e+05,8.3066,13057,16.081,3132.2
1,757,1,78,0.25806,1.8582e+05,39.844,4663.7,8.3333,2042
1,758,2,62,0.25806,1.1066e+05,7.9023,14003,16.726,3257.8
1,759,1,63,0.016129,1.8426e+05,19.13,9632.1,13.397,2651.5
1,760,2,62,0.016129,99842,25.243,3955.3,8.6452,1683.9
1,761,1,72,0.16129,1.8149e+05,43.783,4145.3,8.25,1866.1
1,762,2,62,0.16129,1.0971e+05,8.1862,13401,16.371,3188.7
1,763,1,48,0.29167,1.5939e+05,53.76,2964.9,8.4792,1278.6
1,764,2,62,0.29167,1.07e+05,7.5955,14088,16.79,3270.4
1,765,1,33,0.87879,1.5717e+05,33.169,4738.3,12.818,1328.9
1,766,2,62,0.87879,99984,24.903,4015,8.7097,1696.5
1,767,1,51,0.21569,1.6805e+05,55.619,3021.4,8.2941,1328.9
1,768,2,62,0.21569,1.1507e+05,8.1782,14070,16.79,3270.4
1,769,1,108,0.74194,1.8478e+05,27.332,6760.7,8.5556,2902.8
1,770,2,62,0.74194,1.0542e+05,7.6942,13701,16.5,3213.8
1,771,1,33,0.87879,91182,45.368,2009.8,8.3939,870.22
1,772,2,62,0.87879,1.8197e+05,12.992,14007,16.645,3242.1
1,773,1,15,3.1333,1.1602e+05,139.36,832.52,8.1333,383.27
1,774,2,62,3.1333,1.1079e+05,12.169,9104.3,13.194,2569.8
1,775,1,78,0.25806,1.093e+05,9.5575,11436,13.167,3226.4
1,776,2,62,0.25806,1.7918e+05,44.76,4003.2,8.6935,1693.3
1,777,1,24,1.5833,1.5551e+05,42.856,3628.5,13.417,1011.6
1,778,2,62,1.5833,1.04e+05,24.553,4235.7,8.9839,1749.9
1,779,1,42,0.47619,1.7226e+05,27.582,6245.5,13.238,1746.7
1,780,2,62,0.47619,1.0145e+05,23.104,4391.2,9.0806,1768.7
1,781,1,48,0.29167,1.0607e+05,33.925,3126.7,8.6875,1310
1,782,2,62,0.29167,1.8807e+05,20.941,8981,13.113,2554.1
1,783,1,66,0.064516,1.8682e+05,45.026,4149.3,8.5909,1781.3
1,784,2,62,0.064516,88590,10.028,8834.2,12.871,2507
1,785,1,84,0.35484,1.969e+05,10.341,19041,16.762,4423.4
1,786,2,62,0.35484,1.0006e+05,29.738,3364.6,7.9355,1545.7
1,787,1,21,1.9524,78612,23.353,3366.2,13.619,898.5
1,788,2,62,1.9524,1.579e+05,41.815,3776.2,8.4516,1646.2
1,789,1,84,0.35484,1.8283e+05,34.364,5320.3,8.5476,2255.7
1,790,2,62,0.35484,1.1094e+05,12.304,9017.2,12.984,2529
1,791,1,105,0.69355,1.1203e+05,17.815,6288.7,8.3905,2767.7
1,792,2,62,0.69355,1.8527e+05,22.419,8264,12.258,2387.6
1,793,1,78,0.25806,1.8886e+05,11.74,16087,15.987,3917.6
1,794,2,62,0.25806,98569,24.857,3965.5,8.629,1680.8
1,795,1,45,0.37778,1.5308e+05,57.124,2679.8,8.4,1187.5
1,796,2,62,0.37778,1.0683e+05,12.492,8552.2,12.661,2466.2
1,797,1,117,0.8871,1.1311e+05,6.7385,16786,12.906,4743.8
1,798,2,62,0.8871,1.8421e+05,49.378,3730.6,8.3226,1621.1
1,799,1,105,0.69355,1.1021e+05,17.543,6282.4,8.3524,2755.2
1,800,2,62,0.69355,1.7459e+05,13.322,13105,16.129,3141.6
1,801,1,144,1.3226,1.9886e+05,9.6945,20512,12.854,5815.1
1,802,2,62,1.3226,1.0081e+05,27.831,3622.3,8.2581,1608.5
1,803,1,81,0.30645,1.821e+05,35.736,5095.7,8.5432,2174
1,804,2,62,0.30645,1.0374e+05,11.655,8900.9,13.048,2541.5
1,805,1,45,0.37778,1.7215e+05,55.831,3083.5,8.9333,1262.9
1,806,2,62,0.37778,1.1205e+05,12.832,8732.1,12.839,2500.7
1,807,1,33,0.87879,1.5843e+05,79.259,1998.8,8.4545,876.5
1,808,2,62,0.87879,1.1249e+05,7.838,14352,17,3311.2
1,809,1,51,0.21569,1.0658e+05,9.3512,11398,16.588,2657.8
1,810,2,62,0.21569,1.7579e+05,49.18,3574.3,8.1129,1580.2
1,811,1,45,0.37778,1.7131e+05,27.764,6170.1,12.622,1784.4
1,812,2,62,0.37778,1.0546e+05,27.497,3835.1,8.5323,1661.9
1,813,1,45,0.37778,1.0606e+05,42.121,2518,8.0889,1143.5
1,814,2,62,0.37778,1.82e+05,13.88,13113,16.161,3147.9
1,815,1,72,0.16129,1.8253e+05,41.845,4362.1,8.3333,1885
1,816,2,62,0.16129,1.0359e+05,11.51,8999.9,12.952,2522.7
1,817,1,63,0.016129,1.7341e+05,45.59,3803.7,8.4603,1674.5
1,818,2,62,0.016129,1.0595e+05,12.372,8564,12.774,2488.1
1,819,1,66,0.064516,1.7335e+05,45.85,3780.9,8.1212,1683.9
1,820,2,62,0.064516,1.0869e+05,7.9542,13664,16.484,3210.7
1,821,1,51,0.21569,1.0738e+05,9.6895,11082,16.353,2620.1
1,822,2,62,0.21569,1.622e+05,42.652,3802.9,8.4194,1639.9
1,823,1,51,0.21569,1.0471e+05,32.558,3216.2,8.6078,1379.2
1,824,2,62,0.21569,1.8795e+05,21.401,8782.3,13,2532.1
1,825,1,108,0.74194,1.933e+05,13.041,14823,12.602,4275.7
1,826,2,62,0.74194,1.0358e+05,26.35,3930.9,8.629,1680.8
1,827,1,45,0.37778,1.0681e+05,10.198,10473,17,2403.3
1,828,2,62,0.37778,1.7856e+05,49.824,3583.8,8.2097,1599.1
1,829,1,33,0.87879,1.0058e+05,12.827,7841.4,17.212,1784.4
1,830,2,62,0.87879,1.8263e+05,48.77,3744.8,8.3548,1627.3
1,831,1,78,0.25806,1.1424e+05,6.547,17450,16.667,4084.1
1,832,2,62,0.25806,1.7719e+05,43.57,4066.8,8.8065,1715.3
1,833,1,84,0.35484,1.0378e+05,21.044,4931.5,8.2976,2189.7
1,834,2,62,0.35484,1.8403e+05,14.075,13075,16.145,3144.7
1,835,1,39,0.58974,99084,18.574,5334.4,12.667,1551.9
1,836,2,62,0.58974,1.7159e+05,51.213,3350.5,7.9032,1539.4
1,837,1,117,0.8871,1.8466e+05,25.467,7250.8,8.4957,3122.7
1,838,2,62,0.8871,1.0691e+05,7.6108,14047,16.726,3257.8
1,839,1,36,0.72222,86721,17.364,4994.3,12.861,1454.6
1,840,2,62,0.72222,1.7335e+05,45.67,3795.8,8.5,1655.6
1,841,1,33,0.87879,83771,38.298,2187.3,8.8182,914.2
1,842,2,62,0.87879,1.7025e+05,18.855,9029.7,13.081,2547.8
1,843,1,120,0.93548,1.1206e+05,14.62,7664.7,8.625,3251.5
1,844,2,62,0.93548,1.8078e+05,13.984,12928,16,3116.5
1,845,1,96,0.54839,1.8724e+05,14.334,13063,12.583,3795
1,846,2,62,0.54839,1.0394e+05,24.994,4158.7,8.8226,1718.5
1,847,1,84,0.35484,1.8313e+05,35.884,5103.5,8.4048,2218
1,848,2,62,0.35484,1.0227e+05,7.5802,13492,16.452,3204.4
1,849,1,60,0.033333,1.0227e+05,29.287,3491.9,8.2333,1551.9
1,850,2,62,0.033333,1.8717e+05,21.544,8688.1,12.645,2463
1,851,1,84,0.35484,1.9167e+05,10.084,19007,16.762,4423.4
1,852,2,62,0.35484,1.0167e+05,26.947,3773.1,8.4516,1646.2
1,853,1,45,0.37778,1.5888e+05,58.62,2710.4,8.4222,1190.7
1,854,2,62,0.37778,1.113e+05,8.2608,13473,16.387,3191.9
1,855,1,54,0.14815,1.0194e+05,28.761,3544.5,8.7593,1486
1,856,2,62,0.14815,1.9635e+05,14.465,13574,16.435,3201.3
1,857,1,117,0.8871,1.1004e+05,15.82,6955.5,8.3248,3059.9
1,858,2,62,0.8871,1.8868e+05,13.69,13783,16.629,3239
1,859,1,60,0.033333,1.1246e+05,8.441,13323,16.633,3135.3
1,860,2,62,0.033333,1.8737e+05,50.427,3715.7,8.371,1630.5
1,861,1,51,0.21569,1.013e+05,8.9377,11334,16.608,2660.9
1,862,2,62,0.21569,1.7799e+05,47.145,3775.4,8.5,1655.6
1,863,1,120,0.93548,1.9248e+05,25.912,7428.3,8.5,3204.4
1,864,2,62,0.93548,1.0843e+05,7.5419,14377,16.968,3305
1,865,1,45,0.37778,98124,9.8888,9922.7,16.578,2343.6
1,866,2,62,0.37778,1.687e+05,42.067,4010.2,8.6774,1690.2
1,867,1,42,0.47619,89694,36.983,2425.3,8.2381,1087
1,868,2,62,0.47619,1.7675e+05,20.474,8633.1,12.677,2469.3
1,869,1,84,0.35484,1.0758e+05,5.7542,18696,16.583,4376.2
1,870,2,62,0.35484,1.7835e+05,48.265,3695.3,8.371,1630.5
1,871,1,42,0.47619,1.6562e+05,19.791,8368.4,15.643,2064
1,872,2,62,0.47619,1.0668e+05,27.562,3870.4,8.5484,1665
1,873,1,21,1.9524,85086,64.562,1317.9,8.6667,571.77
1,874,2,62,1.9524,1.7965e+05,12.755,14085,16.79,3270.4
1,875,1,45,0.37778,1.0619e+05,17.633,6022.4,12.533,1771.9
1,876,2,62,0.37778,1.7963e+05,46.907,3829.6,8.4839,1652.5
1,877,1,66,0.064516,1.7102e+05,43.222,3956.8,8.3939,1740.4
1,878,2,62,0.064516,1.031e+05,7.5506,13655,16.548,3223.3
1,879,1,33,0.87879,1.4319e+05,19.989,7163.6,16.394,1699.6
1,880,2,62,0.87879,1.0712e+05,26.816,3994.5,8.6452,1683.9
1,881,1,66,0.064516,1.849e+05,13,14223,16.318,3383.5
1,882,2,62,0.064516,1.0324e+05,24.759,4169.7,8.8871,1731
1,883,1,39,0.58974,95397,47.764,1997.3,7.7692,951.9
1,884,2,62,0.58974,1.7643e+05,20.741,8506.6,12.661,2466.2
1,885,1,15,3.1333,1.2484e+05,63.915,1953.3,12.2,574.91
1,886,2,62,3.1333,1.0372e+05,24.425,4246.6,8.9194,1737.3
1,887,1,72,0.16129,1.7269e+05,36.241,4765,8.7639,1982.3
1,888,2,62,0.16129,1.1025e+05,7.8237,14092,16.758,3264.1
1,889,1,78,0.25806,99458,19.961,4982.6,8.5641,2098.6
1,890,2,62,0.25806,1.917e+05,14.429,13286,16.29,3173
1,891,1,39,0.58974,1.6122e+05,28.773,5603,12.923,1583.4
1,892,2,62,0.58974,1.0133e+05,25.244,4014.2,8.7258,1699.6
1,893,1,51,0.21569,1.5928e+05,53.792,2961,8.3137,1332
1,894,2,62,0.21569,1.0908e+05,7.8499,13895,16.71,3254.7
1,895,1,15,3.1333,1.0829e+05,26.971,4015,18.4,867.08
1,896,2,62,3.1333,1.0251e+05,26.119,3924.6,8.5645,1668.2
1,897,1,120,0.93548,1.1322e+05,4.4743,25304,16.117,6075.8
1,898,2,62,0.93548,1.8356e+05,49.58,3702.4,8.3548,1627.3
1,899,1,33,0.87879,90808,22.403,4053.4,11.97,1240.9
1,900,2,62,0.87879,1.4969e+05,40.363,3708.7,8.3871,1633.6
1,901,1,72,0.16129,1.8656e+05,12.744,14639,15.792,3572
1,902,2,62,0.16129,1.0366e+05,28.588,3626.2,8.3387,1624.2
1,903,1,60,0.033333,1.7889e+05,47.071,3800.5,8.5833,1617.9
1,904,2,62,0.033333,97097,11.486,8453.2,12.726,2478.7
1,905,1,24,1.5833,75103,15.171,4950.4,15.958,1203.2
1,906,2,62,1.5833,1.6081e+05,42.997,3740.1,8.3548,1627.3
1,907,1,54,0.14815,1.0272e+05,30.324,3387.4,8.6111,1460.8
1,908,2,62,0.14815,1.6868e+05,13.104,12873,16.032,3122.7
1,909,1,30,1.0667,1.5166e+05,72.323,2097,9.1333,860.8
1,910,2,62,1.0667,1.0412e+05,7.9699,13064,16.145,3144.7
1,911,1,90,0.45161,1.1228e+05,8.9095,12602,12.933,3656.8
1,912,2,62,0.45161,1.8304e+05,52.787,3467.5,8.0806,1573.9
1,913,1,42,0.47619,96973,41.46,2338.9,8,1055.6
1,914,2,62,0.47619,1.8957e+05,13.556,13984,16.758,3264.1
1,915,1,33,0.87879,1.0051e+05,15.399,6527.4,15.606,1617.9
1,916,2,62,0.87879,1.7269e+05,43.662,3955.3,8.5806,1671.3
1,917,1,72,0.16129,1.784e+05,10.788,16537,16.875,3817
1,918,2,62,0.16129,1.0084e+05,27.75,3634,8.3387,1624.2
1,919,1,51,0.21569,1.6852e+05,23.44,7189.5,12.98,2079.7
1,920,2,62,0.21569,1.029e+05,26.135,3937.2,8.629,1680.8
1,921,1,72,0.16129,1.157e+05,7.2583,15940,16.583,3751.1
1,922,2,62,0.16129,1.6068e+05,41.507,3871.2,8.5645,1668.2
1,923,1,57,0.087719,1.7462e+05,51.478,3392.1,8.3333,1492.3
1,924,2,62,0.087719,97285,11.53,8437.5,12.694,2472.4
1,925,1,45,0.37778,1.072e+05,17.885,5994.2,12.4,1753
1,926,2,62,0.37778,1.7021e+05,49.469,3440.8,8.0484,1567.7
1,927,1,51,0.21569,1.725e+05,47.965,3596.3,9.1176,1460.8
1,928,2,62,0.21569,1.1682e+05,8.7701,13320,16.258,3166.7
1,929,1,60,0.033333,1.8937e+05,14.451,13104,16.45,3100.8
1,930,2,62,0.033333,1.047e+05,25.456,4113.1,8.7581,1705.9
1,931,1,72,0.16129,1.8391e+05,17.004,10816,13.264,3000.2
1,932,2,62,0.16129,1.024e+05,27.198,3765.2,8.4516,1646.2
1,933,1,45,0.37778,1.6038e+05,62.659,2559.6,8.1556,1153
1,934,2,62,0.37778,1.1407e+05,8.047,14176,16.823,3276.7
1,935,1,66,0.064516,1.0969e+05,8.0205,13676,16.015,3320.7
1,936,2,62,0.064516,1.8232e+05,45.571,4000.8,8.7097,1696.5
1,937,1,27,1.2963,85156,58.639,1452.2,7.963,675.44
1,938,2,62,1.2963,1.7316e+05,18.632,9293.6,13.371,2604.4
1,939,1,48,0.29167,1.0488e+05,14.75,7111,13.208,1991.8
1,940,2,62,0.29167,1.7465e+05,52.077,3353.7,7.9355,1545.7
1,941,1,60,0.033333,1.7927e+05,45.806,3913.6,8.75,1649.3
1,942,2,62,0.033333,1.0785e+05,12.344,8736.8,12.806,2494.4
1,943,1,72,0.16129,1.0735e+05,22.254,4823.9,8.8611,2004.3
1,944,2,62,0.16129,1.6547e+05,12.355,13393,16.355,3185.6
1,945,1,48,0.29167,1.6863e+05,49.712,3392.1,9.1458,1379.2
1,946,2,62,0.29167,1.0241e+05,12.236,8369.2,12.516,2437.9
1,947,1,81,0.30645,1.7476e+05,14.514,12041,13.198,3358.4
1,948,2,62,0.30645,1.0892e+05,27.532,3956.1,8.7258,1699.6
1,949,1,78,0.25806,1.935e+05,17.901,10809,12.756,3125.9
1,950,2,62,0.25806,1.0168e+05,27.534,3692.9,8.3226,1621.1
1,951,1,33,0.87879,94859,40.246,2357,9.1818,951.9
1,952,2,62,0.87879,1.6309e+05,20.511,7951.4,12.194,2375
1,953,1,45,0.37778,1.6632e+05,25.392,6550.2,13.022,1841
1,954,2,62,0.37778,1.0367e+05,27.161,3817,8.5161,1658.8
1,955,1,33,0.87879,1.719e+05,24.013,7158.9,16.455,1705.9
1,956,2,62,0.87879,1.0486e+05,28.384,3694.5,8.3548,1627.3
1,957,1,36,0.72222,1.6624e+05,76.222,2181.1,8.4722,958.19
1,958,2,62,0.72222,1.0849e+05,8.6579,12530,15.806,3078.8
1,959,1,21,1.9524,1.3754e+05,27.661,4972.4,17.19,1134.1
1,960,2,62,1.9524,1.0892e+05,25.128,4334.6,9.0806,1768.7
1,961,1,54,0.14815,1.0797e+05,9.1358,11818,16.463,2792.9
1,962,2,62,0.14815,1.7384e+05,45.245,3842.2,8.4839,1652.5
1,963,1,21,1.9524,1.4641e+05,51.396,2848.6,12.619,832.52
1,964,2,62,1.9524,1.0464e+05,26.604,3933.3,8.5484,1665
1,965,1,96,0.54839,1.8411e+05,31.33,5876.3,8.4583,2551
1,966,2,62,0.54839,1.0954e+05,12.211,8970,12.984,2529
1,967,1,51,0.21569,99340,31.246,3179.3,8.4706,1357.2
1,968,2,62,0.21569,1.7631e+05,18.855,9351,13.226,2576.1
1,969,1,51,0.21569,97094,12.742,7619.9,13.294,2130
1,970,2,62,0.21569,1.7825e+05,42.668,4177.5,8.8226,1718.5
1,971,1,27,1.2963,87794,21.634,4058.2,13.444,1140.4
1,972,2,62,1.2963,1.7274e+05,48.844,3536.6,8.1774,1592.8
1,973,1,132,1.129,1.1245e+05,14.041,8008.7,8.4167,3490.3
1,974,2,62,1.129,1.8085e+05,20.233,8938.6,12.887,2510.1
1,975,1,144,1.3226,1.9404e+05,22.071,8791.7,8.4583,3826.5
1,976,2,62,1.3226,1.0278e+05,10.975,9365.1,13.452,2620.1
1,977,1,21,1.9524,62222,45.219,1376,8.6667,571.77
1,978,2,62,1.9524,1.7925e+05,19.198,9336.8,13.226,2576.1
1,979,1,144,1.3226,1.1701e+05,3.788,30890,16.264,7357.6
1,980,2,62,1.3226,1.7179e+05,43.718,3929.3,8.629,1680.8
1,981,1,51,0.21569,1.7601e+05,16.256,10827,16.196,2595
1,982,2,62,0.21569,1.0512e+05,29.267,3591.6,8.2419,1605.4
1,983,1,99,0.59677,1.0869e+05,17.54,6196.8,8.5253,2651.5
1,984,2,62,0.59677,1.7298e+05,16.984,10185,14,2726.9
1,985,1,57,0.087719,94613,13.14,7200.5,12,2148.8
1,986,2,62,0.087719,1.7614e+05,41.173,4278.1,8.9194,1737.3
1,987,1,48,0.29167,1.0005e+05,14.709,6802.3,12.854,1938.4
1,988,2,62,0.29167,1.7627e+05,45.794,3849.2,8.5,1655.6
1,989,1,30,1.0667,98192,16.226,6051.5,15.767,1486
1,990,2,62,1.0667,1.65e+05,44.661,3694.5,8.3226,1621.1
1,991,1,48,0.29167,90931,30.613,2970.4,8.5,1281.8
1,992,2,62,0.29167,1.8474e+05,13.367,13821,16.629,3239
1,993,1,39,0.58974,1.566e+05,74.567,2100.2,7.9487,973.89
1,994,2,62,0.58974,1.1385e+05,8.3389,13653,16.452,3204.4
1,995,1,81,0.30645,1.0874e+05,22.241,4889.1,8.4074,2139.4
1,996,2,62,0.30645,1.7205e+05,12.525,13737,16.581,3229.6
1,997,1,60,0.033333,1.7544e+05,12.815,13690,16.85,3176.2
1,998,2,62,0.033333,1.0915e+05,24.485,4457.9,9.1935,1790.7
1,999,1,48,0.29167,1.0648e+05,10.704,9947.9,15.917,2400.2
1,1000,2,62,0.29167,1.731e+05,44.497,3890.1,8.5323,1661.9
1,1001,1,27,1.2963,1.5291e+05,38.273,3995.3,13.222,1121.5
1,1002,2,62,1.2963,1.016e+05,28.593,3553.1,8.2903,1614.8
1,1003,1,81,0.30645,1.1289e+05,9.8703,11438,12.802,3257.8
1,1004,2,62,0.30645,1.7864e+05,44.011,4058.9,8.7097,1696.5
1,1005,1,39,0.58974,92424,40.122,2303.6,8.2821,1014.7
1,1006,2,62,0.58974,1.8316e+05,14.215,12884,16.081,3132.2
1,1007,1,42,0.47619,98036,11.236,8725,16.024,2114.3
1,1008,2,62,0.47619,1.7334e+05,42.674,4062.1,8.7419,1702.7
1,1009,1,78,0.25806,1.9365e+05,17.452,11096,12.872,3154.2
1,1010,2,62,0.25806,98053,26.676,3675.7,8.3548,1627.3
1,1011,1,78,0.25806,1.724e+05,34.1,5055.6,8.7308,2139.4
1,1012,2,62,0.25806,1.0877e+05,12.264,8868.7,12.935,2519.6
1,1013,1,33,0.87879,1.2425e+05,48.934,2539.2,9.5455,989.6
1,1014,2,62,0.87879,1.0559e+05,12.234,8630.7,12.823,2497.6
1,1015,1,63,0.016129,1.0161e+05,27.456,3700.8,8.3175,1646.2
1,1016,2,62,0.016129,1.8076e+05,13.321,13569,16.435,3201.3
1,1017,1,75,0.20968,1.127e+05,6.8642,16419,16.44,3873.6
1,1018,2,62,0.20968,1.7876e+05,48.822,3661.5,8.3871,1633.6
1,1019,1,63,0.016129,1.0443e+05,26.959,3873.6,8.5079,1683.9
1,1020,2,62,0.016129,1.793e+05,17.817,10063,13.758,2679.8
1,1021,1,99,0.59677,1.941e+05,13.069,14852,13.354,4153.2
1,1022,2,62,0.59677,1.0382e+05,28.275,3671.7,8.3065,1617.9
1,1023,1,72,0.16129,1.0747e+05,22.177,4845.9,8.8889,2010.6
1,1024,2,62,0.16129,1.8221e+05,21.822,8349.6,12.629,2459.9
